Time,Frequency
8.2e-05,48780.48780487804
0.000164,48780.487804878045
0.000246,48484.84848484849
0.000328,48192.77108433736
0.000411,47619.04761904763
0.000494,47337.27810650888
0.000579,47337.27810650888
0.000663,46783.62573099414
0.000748,46242.77456647399
0.000834,45977.011494252874
0.0009209999999999999,45714.28571428571
0.001008,45454.54545454547
0.001096,45197.74011299439
0.001184,44692.737430167625
0.0012729999999999998,44444.44444444444
0.0013629999999999998,44444.44444444444
0.0014529999999999999,44198.89502762432
0.0015429999999999999,43956.043956043985
0.0016339999999999998,43715.84699453552
0.0017249999999999998,43715.84699453552
0.0018169999999999998,43715.84699453557
0.0019079999999999998,43478.26086956524
0.0019999999999999996,43715.84699453552
0.0020919999999999997,43478.26086956519
0.0021829999999999996,43010.75268817195
0.002276,43010.75268817195
0.002369,43010.75268817195
0.002462,43010.75268817195
0.0025550000000000004,43010.75268817195
0.0026480000000000006,42780.74866310158
0.002741000000000001,42553.19148936175
0.0028350000000000007,42553.19148936175
0.0029290000000000006,42328.04232804234
0.0030230000000000005,42328.04232804234
0.0031180000000000005,42328.04232804234
0.0032120000000000004,42105.263157894726
0.0033070000000000005,42105.263157894726
0.0034020000000000005,41884.81675392666
0.0034970000000000005,41884.81675392666
0.0035930000000000007,42105.263157894726
0.0036880000000000007,41884.81675392666
0.0037830000000000008,41666.66666666659
0.003879000000000001,41666.666666666686
0.003975000000000001,41666.66666666678
0.004071000000000001,41666.66666666678
0.0041670000000000006,41237.113402061914
0.004263,41025.64102564105
0.004361,41450.777202072626
0.004458,41237.113402061914
0.004554,41025.64102564105
0.004652,41025.64102564105
0.004749,41025.64102564105
0.004847,41025.64102564105
0.004944,40816.32653061225
0.005042,40816.32653061225
0.00514,40609.137055837535
0.005238,40404.04040404035
0.005337,40404.04040404035
0.005436,40404.04040404035
0.005535,40201.00502512555
0.005634,40201.00502512555
0.005734,40201.00502512555
0.0058330000000000005,39999.9999999999
0.005933000000000001,39800.99502487549
0.006033000000000001,39800.99502487549
0.006134000000000001,39800.99502487549
0.006234000000000002,39603.96039603945
0.006335000000000002,39603.96039603945
0.0064360000000000025,39603.96039603945
0.006537000000000003,39603.96039603945
0.006638000000000003,39603.96039603945
0.006739000000000004,39408.866995073884
0.006840000000000004,39408.866995073884
0.006942000000000004,39215.68627450977
0.007043000000000004,39408.866995073884
0.007146000000000004,39408.866995073884
0.007246000000000004,38461.53846153849
0.007349000000000004,39024.39024390238
0.007454000000000004,8113.590263691677
0.04803700000000001,33057.85123966954
0.06413700000000001,14814.814814814847
0.06435900000000001,11267.605633802781
0.06467700000000001,10088.272383354324
0.06506900000000002,8008.008008008009
0.06547000000000001,8008.008008008009
0.12121300000000002,40201.00502512467
0.12131100000000002,39408.866995072196
0.12141200000000002,38834.95145630847
0.12151400000000002,38647.342995166706
0.12161800000000003,38647.342995166706
0.12172100000000004,38277.51196172233
0.12182500000000004,38095.238095240275
0.12193000000000004,37914.69194312995
0.12203500000000003,38095.23809523776
0.12214100000000003,38095.23809523776
0.12224500000000003,37735.849056605555
0.12235100000000003,37735.849056605555
0.12245700000000002,37735.849056605555
0.12256300000000002,37558.68544601098
0.12266900000000001,37383.17757009486
0.12277600000000001,37209.30232558261
0.122883,37209.30232558261
0.122991,36866.35944700546
0.123098,36866.35944700546
0.123208,37037.03703703807
0.123315,36697.2477064227
0.12342399999999999,36529.68036529731
0.12353299999999999,36363.636363636695
0.12364299999999999,36697.2477064227
0.12375299999999999,36363.636363636695
0.12386099999999998,36363.636363636695
0.12397299999999999,36363.636363636695
0.12408099999999998,36036.03603603604
0.12419299999999998,35874.43946188325
0.12430299999999998,36036.03603603604
0.12441599999999998,36199.0950226246
0.12452499999999998,35874.43946188325
0.12463699999999998,35874.43946188325
0.12474799999999998,35555.55555555508
0.12485999999999998,35555.55555555728
0.12497299999999999,35555.55555555728
0.12508499999999997,35555.55555555508
0.12519799999999998,35398.23008849495
0.12530999999999998,35242.2907488979
0.12542399999999998,31372.549019607202
0.12553699999999998,31372.549019607202
0.12567899999999999,35555.55555555508
0.125792,35398.23008849495
0.125904,27681.66089965288
0.126018,27874.564459929396
0.126193,25723.472668809816
0.126305,23121.387283236127
0.126504,30888.03088802979
0.126651,31249.99999999924
0.12676300000000001,27491.408934706633
0.12690700000000002,27777.77777777677
0.12705400000000003,31007.751937983507
0.12719500000000003,34188.03418803244
0.12731200000000004,34188.03418803244
0.12742900000000004,34188.03418803244
0.12754600000000005,34632.03463203328
0.12766300000000005,34042.55319148748
0.12777700000000006,34188.03418803244
0.12789800000000007,34632.03463203328
0.12801100000000007,34188.03418803244
0.12812900000000008,34334.763948496235
0.12824500000000008,33898.305084743755
0.1283620000000001,33898.305084743755
0.1284810000000001,34042.55319148748
0.1285980000000001,33898.305084743755
0.1287160000000001,34042.55319148748
0.12883400000000012,33898.305084743755
0.12895100000000012,34042.55319148748
0.12907000000000013,33898.305084743755
0.12918600000000013,33333.33333333084
0.12930600000000014,33755.27426160124
0.12942600000000015,34042.55319148748
0.12954300000000016,33613.445378149
0.12966100000000017,33613.445378149
0.12978100000000017,33755.27426160124
0.12989900000000018,33613.445378149
0.1300180000000002,33613.445378149
0.1301370000000002,33613.445378149
0.1302560000000002,33472.80334727796
0.1303750000000002,33333.33333333084
0.13049500000000022,33472.80334727796
0.13061500000000023,33057.85123966669
0.13073400000000024,33195.020746885355
0.13085700000000025,33898.305084743755
0.13097500000000026,29739.776951670738
0.13109300000000026,24024.024024024027
0.14960000000000026,20356.234096691882
0.14980200000000027,16736.40167363995
0.14999300000000027,18779.342723004265
0.15028000000000027,10723.86058981238
0.15102600000000027,10416.66666666679
0.15154200000000026,8307.372793354174
0.16400300000000026,18099.5475113123
0.22978400000000027,13400.33500837489
0.23028900000000027,47337.27810650818
0.23038100000000028,51282.05128205474
0.23045800000000027,50314.46540880741
0.23053700000000027,50314.46540880741
0.23061700000000027,50000.00000000204
0.23069600000000026,49382.71604938409
0.23077700000000026,49079.75460122805
0.23085800000000026,48780.4878048788
0.23094000000000026,48780.4878048788
0.23102200000000025,48192.7710843375
0.23110400000000025,47337.27810650818
0.23118800000000025,47058.8235294108
0.23127300000000026,47058.8235294108
0.23135800000000026,46783.62573099293
0.23144300000000026,46511.62790697526
0.23152900000000026,46242.77456647225
0.23161500000000027,45977.011494250895
0.23170200000000027,45714.2857142835
0.23178900000000027,45197.740112991676
0.23187700000000028,44692.73743016448
0.23196600000000028,44444.44444444111
0.2320560000000003,44444.44444444111
0.2321460000000003,44198.895027620776
0.2322360000000003,43715.84699453158
0.2323270000000003,43478.26086956108
0.23241900000000032,43478.26086956108
0.23251100000000033,43243.243243238925
0.23260300000000034,42780.74866309692
0.23269600000000035,42553.19148935684
0.23279000000000036,42328.04232803729
0.23288400000000037,42105.26315788953
0.23297900000000038,41884.81675392133
0.2330740000000004,41666.666666661135
0.2331700000000004,41450.77720206685
0.23326600000000042,41025.64102564087
0.23336300000000043,41025.64102564087
0.23346100000000042,40816.326530611885
0.23355800000000043,40609.13705584272
0.23365700000000042,40609.13705584272
0.2337550000000004,40404.04040404531
0.2338540000000004,40404.04040404531
0.23395300000000038,40201.00502513028
0.23405200000000037,40000.0000000044
0.23415200000000036,39800.99502487978
0.23425200000000035,39603.96039604353
0.23435300000000034,39603.96039604353
0.23445400000000033,39603.96039604353
0.23455500000000032,39408.86699507759
0.2346560000000003,39215.68627451327
0.2347580000000003,39215.68627451327
0.2348600000000003,39215.68627451327
0.23496200000000028,39024.390243905684
0.23506400000000027,38834.9514563137
0.23516700000000026,38834.9514563137
0.23527000000000026,38647.342995171886
0.23537300000000025,38461.53846154106
0.23547700000000024,38461.53846154106
0.23558100000000023,38461.53846154106
0.23568500000000023,38277.51196172487
0.23578900000000022,38095.238095240275
0.23589400000000021,38095.238095240275
0.2359990000000002,37914.69194312995
0.2361040000000002,37914.69194312995
0.2362100000000002,37914.69194312995
0.2363150000000002,37735.849056605555
0.2364210000000002,37735.849056605555
0.23652700000000018,37558.68544601098
0.23663300000000018,37383.17757009486
0.23674000000000017,37383.17757009486
0.23684700000000017,37383.17757009486
0.23695400000000016,37209.30232558261
0.23706100000000016,37209.30232558261
0.23716900000000016,37037.03703703807
0.23727600000000015,36866.35944700546
0.23738500000000015,37037.03703703807
0.23749300000000015,36866.35944700546
0.23760100000000015,36697.2477064227
0.23771000000000014,36697.2477064227
0.23781900000000014,36697.2477064227
0.23792800000000014,36697.2477064227
0.23803700000000014,36529.68036529731
0.23814600000000014,36529.68036529731
0.23825600000000013,36529.68036529731
0.23836500000000013,36199.0950226246
0.23847500000000013,36199.0950226246
0.23858600000000013,36199.0950226246
0.23869600000000013,36036.03603603604
0.23880700000000013,35874.43946188325
0.23891800000000013,35874.43946188325
0.23903000000000013,35874.43946188325
0.23914100000000013,35714.2857142854
0.23925300000000013,35555.55555555508
0.23936500000000013,35555.55555555508
0.23947800000000014,35555.55555555508
0.23959000000000014,35398.23008849495
0.23970300000000014,35242.2907488979
0.23981600000000014,35242.2907488979
0.23993000000000014,35242.2907488979
0.24004300000000015,35242.2907488979
0.24015700000000015,35398.23008849495
0.24027000000000015,35242.2907488979
0.24038300000000015,35242.2907488979
0.24049700000000016,35398.23008849495
0.24061000000000016,35398.23008849495
0.24072300000000016,35398.23008849495
0.24083600000000016,35398.23008849495
0.24094900000000016,35242.2907488979
0.24106200000000017,35398.23008849495
0.24117600000000017,34934.49781659282
0.24128800000000017,34934.49781659282
0.34966300000000006,25236.593059935974
0.34978600000000004,26490.066225163417
0.34998000000000007,36697.2477064227
0.35008800000000007,33472.80334728184
0.35019800000000006,33057.85123967427
0.35032700000000006,35242.29074890222
0.45896500000000007,46783.62573100052
0.45905100000000004,46242.774566479675
0.45913600000000004,45197.74011299876
0.459224,44692.73743017141
0.459313,44444.44444445482
0.459403,44198.89502762755
0.459493,44198.89502762755
0.459584,43956.043956053625
0.45967399999999997,43478.2608695742
0.45976599999999995,43243.24324324541
0.45985799999999993,42780.748663103266
0.45995099999999994,42553.191489369405
0.4600449999999999,42105.263157901834
0.4601389999999999,41884.81675392742
0.4602349999999999,41884.81675392742
0.4603299999999999,41450.777202072815
0.4604259999999999,41450.777202072815
0.4605229999999999,41237.113402067815
0.4606189999999999,41025.64102564087
0.4607169999999999,40816.32653060611
0.4608139999999999,40404.04040403398
0.4609129999999999,40404.04040403398
0.4610119999999999,40609.137055837
0.46111099999999994,40404.04040404531
0.4612089999999999,40000.0000000044
0.4613089999999999,39800.99502487429
0.4614089999999999,39800.99502487429
0.4615099999999999,39800.99502487429
0.4616099999999999,39408.866995072196
0.4617109999999999,39215.68627451327
0.4618129999999999,39408.866995072196
0.4619149999999999,39408.866995072196
0.4620159999999999,39024.390243900394
0.4621179999999999,38834.951456303235
0.46222099999999994,38834.951456303235
0.46232399999999996,38647.342995166706
0.462427,38461.53846154106
0.46253099999999997,38277.51196171979
0.46263499999999996,38095.238095230205
0.46274,38095.238095230205
0.462845,38095.238095230205
0.46295000000000003,37914.691943124955
0.46305500000000005,37914.691943124955
0.46316100000000004,37914.691943124955
0.46326600000000007,37735.849056605555
0.46337200000000006,37558.685446006086
0.46347800000000006,37209.30232557781
0.4635850000000001,37209.30232557781
0.4636930000000001,37209.30232557781
0.4638000000000001,37209.30232557781
0.4639080000000001,37209.30232557781
0.4640150000000001,36866.359447000745
0.4641230000000001,36529.680365292676
0.46423200000000014,36697.2477064227
0.46434200000000014,36866.359447000745
0.46445000000000014,36697.24770641335
0.46455900000000017,36529.680365292676
0.4646680000000002,36199.09502262006
0.4647780000000002,36199.09502262006
0.4648890000000002,36036.03603603604
0.4649990000000002,36036.03603603604
0.4651110000000002,35874.43946188772
0.4652210000000002,35398.230088503646
0.4653340000000002,35555.55555555947
0.46544700000000017,35874.439461878785
0.46555900000000017,35714.2857142854
0.4656700000000002,35398.230088503646
0.46578300000000017,35242.29074890222
0.46589600000000014,35087.719298244694
0.46601000000000015,35242.29074890222
0.46612400000000015,35242.29074890222
0.4662370000000001,35087.719298244694
0.4663510000000001,34934.49781659705
0.46646500000000013,34934.49781659705
0.4665800000000001,34934.49781659705
0.4666940000000001,35087.719298253236
0.4668090000000001,34934.49781659705
0.46692200000000006,34334.763948500324
0.46703800000000006,34632.034632037445
0.46715500000000004,35087.719298244694
0.46726900000000005,34782.60869565097
0.46738300000000005,34632.034632037445
0.46749900000000005,34782.608695659364
0.46761400000000003,34782.608695659364
0.467729,34632.034632037445
0.467844,34482.758620688175
0.46796,34482.758620688175
0.468076,22727.272727271502
0.468192,16194.33198380585
0.468428,21390.374331551633
0.505365,8620.689655172044
0.642515,8113.590263691334
0.642999,8333.333333333672
0.643501,10582.010582010877
0.643959,10139.416983522937
0.6718470000000001,30188.679245287607
0.703731,10471.204188481855
0.705598,15533.980582522969
0.705715,11363.636363635751
0.706113,12461.059190030543
0.7252020000000001,43715.84699452495
0.7252910000000001,43478.26086954797
0.7253850000000002,43010.75268816754
0.7254750000000002,42105.26315788953
0.7255710000000002,42553.19148934427
0.7256650000000002,42328.042328043506
0.7257590000000003,42553.191489369405
0.7258540000000002,42328.042328043506
0.7259470000000002,41666.66666667318
0.7260430000000002,41450.777202072815
0.7261390000000002,41450.777202072815
0.7262360000000002,41450.777202072815
0.7263320000000002,41237.11340205601
0.7264290000000002,40816.32653061766
0.7265260000000002,40609.137055837
0.7266250000000002,40816.326530594546
0.7267230000000002,40609.137055837
0.7268210000000003,40404.040404056635
0.7269200000000002,40000.0000000044
0.7270190000000002,39603.96039603265
0.7271200000000002,40201.00502511346
0.7272210000000002,39999.9999999822
0.7273190000000003,39603.96039603265
0.7274210000000003,34334.763948492146
0.7275210000000003,34188.03418802433
0.7276540000000004,34934.49781658859
0.7277550000000004,31620.553359676454
0.7278830000000004,10709.504685407537
0.7297890000000005,8188.331627430864
0.7315190000000005,14925.37313432889
0.7318310000000005,12882.44766505672
0.7320550000000005,10840.10840108377
0.7324520000000004,11235.955056179051
0.7327930000000005,12658.227848101948
0.7331640000000005,17391.304347829682
0.7334250000000004,15564.202334633275
0.7840640000000003,27874.564459937483
0.7991970000000003,28469.750889682175
0.7993460000000002,26315.789473686724
0.7994780000000002,14234.875444841087
0.8105000000000002,22160.664819947993
0.8107080000000002,14760.147601477882
0.8166690000000001,22857.142857138126
0.8168630000000001,30075.187969913564
0.8170190000000002,15209.125475284407
0.8171290000000002,13536.379018612333
0.8175450000000002,16161.616161615404
0.8177200000000002,15238.095238095306
0.8212040000000003,10403.120936282121
0.8215110000000002,10958.904109588915
0.8219730000000002,15748.03149606101
0.8222410000000002,16597.510373444587
0.8224810000000002,11188.811188812595
0.8231960000000001,8958.566629340092
0.829557,10403.120936280618
0.83013,17353.579175707484
0.830326,14059.753954307513
0.830591,10025.062656642038
0.8471189999999998,16666.66666666542
0.8474089999999999,26143.79084967077
0.8475989999999999,37558.685446006086
0.8477149999999999,41666.66666667318
0.8478119999999999,41884.816753939594
0.8479069999999999,41666.66666667318
0.8480029999999998,40816.32653061766
0.8480989999999998,40404.04040403398
0.8481989999999998,40816.326530594546
0.8482969999999999,40609.137055837
0.8483949999999999,40201.005025135884
0.8484939999999999,40000.0000000044
0.8485939999999998,40000.0000000044
0.8486939999999998,39800.99502487429
0.8487939999999998,39800.99502487429
0.8488949999999998,39800.99502487429
0.8489949999999998,39603.96039603265
0.8490959999999999,39408.86699506142
0.8491969999999999,39408.86699506142
0.8492989999999999,39024.390243900394
0.8493999999999999,39024.390243900394
0.8495039999999999,39215.68627451327
0.8496049999999999,38647.34299517707
0.8497079999999999,38461.53846154106
0.8498119999999999,39024.390243900394
0.8499159999999999,39215.68627451327
0.8500169999999999,38647.34299517707
0.8501199999999999,38461.53846154106
0.8502239999999999,38461.53846154106
0.8503279999999999,38834.951456303235
0.8504319999999999,38277.51196171979
0.8505339999999999,37914.69194313493
0.8506409999999999,30303.030303025484
0.8507449999999999,30188.67924527496
0.8509049999999999,37558.685446006086
0.8510099999999999,37914.69194313493
0.8511179999999999,38461.53846154106
0.8512209999999999,37914.69194311498
0.8513259999999999,37735.849056585794
0.851432,37383.177570085165
0.851538,33333.33333333084
0.851646,33195.02074688153
0.851778,37383.177570085165
0.8518870000000001,26755.85284280496
0.8519920000000001,22662.889518410535
0.8521860000000001,22792.02279202343
0.8523450000000001,20942.40837696371
0.8525370000000001,14571.94899817793
0.8527270000000001,11527.377521614291
0.9393509999999999,9950.248756218572
0.940008,26490.066225163417
0.9867900000000001,8307.372793353696
0.9872190000000001,10443.864229764407
0.9877530000000001,18099.54751131003
0.9879850000000001,23188.405797098778
0.9881950000000002,15503.875968993421
1.100688,30651.340996160747
1.100791,16913.319238894637
1.1009490000000002,11235.955056179051
1.1012640000000002,13651.877133106374
1.1016610000000002,14035.087719299245
1.1018500000000002,14732.965009209183
1.1022310000000002,14519.05626134385
1.1023930000000002,15238.095238098527
1.1027820000000002,28880.866426007306
1.102918,23880.59701492721
1.103059,22222.222222213706
1.103253,28673.835125433616
1.1034190000000001,35555.555555568244
1.1035320000000002,35398.230088521035
1.103644,17621.14537445111
1.103758,17660.044150108944
1.104098,31249.999999995853
1.104211,23188.405797098778
1.104354,23188.405797098778
1.104556,31372.54901962086
1.104699,17391.304347829682
1.104811,9768.009768008274
1.105159,8791.208791206971
1.1056300000000001,13651.877133106374
1.123072,38834.95145632417
1.123169,29520.29520296181
1.268551,16563.146997929223
1.268944,39024.390243900394
1.384041,21621.62162160973
1.3935820000000003,14414.414414412253
1.5655150000000004,14787.43068391526
1.5658810000000005,11627.906976743816
1.5660560000000006,8163.265306122608
1.6065230000000008,33755.27426159729
1.7227360000000007,10296.01029600993
2.8639060000000005,32921.81069955931
2.8640280000000007,37383.17757006577
2.8641490000000007,11142.061281337103
2.8778100000000006,14652.014652016385
2.8782120000000004,17699.115044243128
2.8783560000000006,13559.32203390133
2.8786640000000006,18306.63615561484
2.8789460000000004,14414.41441441802
2.8791010000000004,13769.363166954887
2.8795010000000003,20671.834625327527
2.8796820000000003,12738.853503187738
2.8824180000000004,8350.730688937092
2.8830370000000003,13093.289689040903
2.883376,20618.556701051606
2.883648,34188.03418805677
2.8837639999999998,31496.062992128904
2.883882,19184.652278172318
2.8840179999999997,14598.540145979674
2.8902140000000003,9367.681498825152
2.9047430000000003,11267.605633799476
2.9051730000000004,11527.377521610602
2.9054530000000005,8888.888888887675
2.9058670000000006,12364.760432769632
2.9063530000000006,32000.000000017735
2.9065140000000005,23880.597014911382
2.9066030000000005,19184.652278172318
2.9068490000000007,22408.963585451835
2.9070200000000006,18735.36299766979
2.9072060000000004,18691.588785052278
2.9074470000000003,16563.146997929223
2.9076340000000003,15564.202334633275
2.90904,17241.379310344088
2.909371,21621.62162163568
2.909504,18099.547511328212
2.9107939999999997,15094.339622643804
2.9112129999999996,19370.460048426306
2.9113239999999996,9248.554913293561
2.916365,20356.23409669907
2.91668,38834.95145632417
2.9167579999999997,28985.507246382804
2.916886,17167.381974254255
2.9170339999999997,11922.503725780847
2.9173519999999997,11157.601115762342
2.9177049999999998,10430.247718386845
2.9221439999999994,12759.170653904337
2.9224789999999996,13628.620102217132
2.9227709999999996,11034.48275861937
2.9343019999999997,17977.52808988648
2.934582,21220.159151202097
2.9347469999999998,25396.82539682014
2.9349589999999997,37914.69194309503
2.935062,23391.812865507854
2.93517,11080.332409977404
2.9436009999999992,17167.381974254255
2.944985999999999,17621.14537445111
2.9452189999999994,21978.021978033514
2.950287999999999,13793.10344828055
2.950572999999999,15122.873345942027
2.950867999999999,19093.078758952288
2.952493999999999,19417.475728162084
2.952693999999999,22038.567493133036
2.9529059999999987,16842.105263165653
2.9530569999999985,11713.030746705896
2.9586419999999984,16949.152542363903
2.9613979999999986,10810.810810811352
2.9619699999999987,22535.21126761305
2.9621379999999986,20253.16455695458
2.9623249999999985,24242.42424239592
2.9625329999999988,18823.52941174957
2.962654999999999,10296.010296006987
2.964659999999999,10973.93689985979
2.965010999999999,11428.571428569063
2.9895189999999987,12658.227848101948
2.9899569999999986,26666.666666649868
2.9901509999999987,34334.76394847579
2.990256999999999,25806.45161291901
2.990383999999999,29739.77695168915
2.9905669999999986,8938.547486034837
3.0027019999999984,15686.27450981043
3.0028889999999984,16913.319238902575
3.0097179999999986,31872.50996015921
3.0098909999999988,45454.54545461469
3.0120729999999987,32258.064516125654
3.0122159999999987,36036.03603604505
3.0123209999999987,41450.77720209666
3.0162239999999985,31872.50996015921
3.0163449999999985,29090.909090929912
3.0164749999999985,23880.59701494304
3.0166199999999983,25477.707006375476
3.016809999999998,15533.980582522969
3.019255999999998,12012.012012015017
3.027552999999998,16096.579476854957
3.027768999999998,11396.011396011714
3.0357419999999977,11869.4362017793
3.0363109999999978,29629.629629630457
3.036415999999998,16528.925619829555
3.0493549999999976,11940.298507463605
3.0586629999999975,16949.152542379852
3.0589189999999973,25723.472668814407
3.0591349999999973,16494.845360829957
3.0592299999999972,10989.010989010054
3.059619999999997,10243.277848906868
3.0641729999999976,8733.624454147148
3.0647709999999977,10139.41698352151
3.0650889999999977,8447.729672650197
3.0736669999999977,10973.93689985979
3.0738739999999978,9720.534629404403
3.074395999999998,8247.422680414978
3.081766999999998,9132.420091325484
3.0850279999999977,21220.159151202097
3.0853009999999976,42328.04232809324
3.0854049999999975,35874.43946186986
3.0854899999999974,28571.428571422653
3.0856279999999976,31372.549019648177
3.0857699999999975,39408.86699508297
3.0858829999999973,28368.79432620718
3.1014169999999974,24922.118380061085
3.1016339999999976,38834.95145632417
3.1017379999999974,36529.68036530194
3.1018399999999975,36697.24770645073
3.1019569999999974,34782.60869569294
3.1020579999999973,20512.820512826274
3.102186999999997,12598.425196851562
3.1153889999999973,14209.591474242814
3.1157079999999975,18140.58956916455
3.1159519999999974,18912.52955082464
3.192885999999997,33898.30508472781
3.2278089999999966,16949.152542379852
3.2280629999999966,14010.507880913698
3.2286339999999965,8072.653884964974
3.2293769999999964,13245.033112581708
3.2296249999999964,8213.55236139792
3.2305989999999962,8008.008008006452
3.2378189999999964,8080.808080805889
3.2384009999999965,12799.999999993452
3.2388089999999967,16701.4613778587
3.2746999999999966,13245.033112581708
3.2751679999999967,16771.488469599542
3.2753039999999967,12269.938650304925
3.286279999999997,12269.938650304925
3.286664999999997,10191.082802547307
3.289787999999997,8188.331627429003
3.2903549999999973,8611.410118405223
3.2907649999999973,8611.410118405223
3.2924109999999973,10958.904109590581
3.2927859999999973,8438.818565403275
3.293140999999997,9925.558312656782
3.293733999999997,9400.705052879683
3.3508309999999972,10914.051841741531
3.3513309999999974,17977.52808988648
3.3515639999999975,16227.180527380842
3.3545949999999976,11627.906976747568
3.3583559999999975,8988.76404494324
3.3586429999999976,10126.582278482982
3.3592459999999975,15564.202334633275
3.3706789999999973,35714.28571425
3.3769149999999977,16913.319238902575
3.3773059999999977,13050.570962480148
3.3779189999999977,8667.388949076938
3.385171999999998,10349.288486414756
3.397408999999998,23323.615160351063
3.397493999999998,10568.031704093455
3.397751999999998,10296.010296012872
3.398250999999998,21917.808219181163
3.3985289999999977,39215.68627449193
3.398615999999998,18433.179723509806
3.398732999999998,18604.651162803315
3.3990499999999977,40816.326530640785
3.3991629999999975,40000.0000000044
3.3992459999999975,22038.567493106075
3.3993629999999975,12678.288431056377
3.3996089999999977,8255.9339525284
3.3999939999999977,11922.503725780847
3.402492999999998,14814.814814815229
3.402712999999998,9950.248756218572
3.403032999999998,10899.182561307718
3.403516999999998,18779.342723003043
3.404886999999998,11347.517730497168
3.405181999999998,10416.666666668296
3.405949999999998,9864.364981508292
3.406593999999998,25889.967637568046
3.4067609999999977,23738.8724035586
3.4069029999999976,13816.92573402162
3.4070979999999977,9732.360097325041
3.4074819999999977,13422.818791950387
3.4079199999999976,9478.672985783733
3.4080779999999975,8238.928939239315
3.4087639999999975,13675.213675212326
3.4104969999999977,19277.108433722107
3.410802999999998,19900.49751242615
3.410911999999998,13628.620102217132
3.411204999999998,11019.283746559777
3.411498999999998,15037.593984956782
3.411930999999998,28368.79432620718
3.412030999999998,22922.636103156285
3.412212999999998,18604.651162803315
3.416550999999998,16359.91820041028
3.416684999999998,8958.566629338979
3.417039999999998,10403.120936280618
3.4189769999999977,21978.021978033514
3.4192209999999976,28673.835125456437
3.4217849999999976,8574.490889604802
3.4240469999999976,14059.75395430477
3.424473999999998,24242.424242428544
3.4246159999999977,18390.804597702707
3.4248039999999977,11958.14648729789
3.4262869999999976,8146.639511201311
3.426942999999998,14519.056261349702
3.4272689999999977,17391.304347829682
3.4274939999999976,18823.52941176924
3.4277289999999976,25396.82539682014
3.4279189999999975,9535.160905839897
3.4299659999999976,17777.777777784122
3.4302259999999976,13157.894736848168
3.4304159999999975,9489.91696322989
3.4308339999999973,12461.059190030543
3.431258999999997,14598.540145979674
3.434556999999997,15810.276679838227
3.4348939999999972,18867.924528292897
3.4350629999999973,18912.52955082464
3.4353179999999974,20460.358056264402
3.4354859999999974,15624.999999997926
3.4357089999999975,12618.296529972407
3.4359979999999974,8528.784648190713
3.4387319999999972,16563.146997929223
3.4423909999999975,12307.692307695765
3.4572859999999968,10498.687664042967
3.4677419999999963,16597.51037344841
3.468115999999996,17241.379310344088
3.468223999999996,14234.875444841087
3.468579999999996,25806.45161291901
3.468785999999996,23668.639053273528
3.468889999999996,20671.834625327527
3.469123999999996,27972.027972027143
3.469276999999996,28268.5512367458
3.469409999999996,17204.30107526291
3.469559999999996,11577.424023151176
3.469874999999996,9685.230024213153
3.470250999999996,10126.582278482982
3.470700999999996,18181.818181809173
3.471040999999996,18348.623853206675
3.477997999999996,39408.86699508297
3.478127999999996,46783.62573101571
3.4849639999999957,11494.252873562724
3.4895669999999956,38647.342995239254
3.4953379999999954,12383.900928789762
3.4957389999999955,13675.213675212326
3.4959839999999955,17391.304347829682
3.5054229999999955,17021.276595745752
3.538071999999995,40201.005025158316
3.538168999999995,13223.140495863643
3.544882999999995,41666.66666672137
3.544977999999995,31007.751938026875
3.554624999999995,14869.8884758323
3.555015999999995,18140.58956916455
3.555162999999995,22160.664819954807
3.5554569999999948,44692.73743012983
3.555523999999995,34782.608695625786
3.555635999999995,24096.385542152635
3.555753999999995,19753.08641974281
3.555967999999995,17353.579175703308
3.556158999999995,13071.895424840128
3.558189999999995,35555.55555549807
3.558311999999995,35087.719298193435
3.5660229999999955,15873.015873020979
3.5702759999999953,17241.379310344088
3.5705579999999952,22346.368715064917
3.5707399999999954,16460.9053497947
3.5709159999999955,10000.0000000011
3.5712259999999953,11363.636363632168
3.5717159999999955,19512.195121950197
3.5719299999999956,22038.567493133036
3.5748639999999954,35874.43946186986
3.5749819999999954,30769.230769239413
3.5750869999999955,24169.18429002428
3.5752419999999954,21680.21680216428
3.5754179999999955,19656.019656017423
3.5756109999999954,17543.859649113805
3.5758249999999956,18348.623853206675
3.5760669999999957,26229.508196721337
3.5762609999999957,21739.1304347871
3.5763719999999957,13490.725126479105
3.5766289999999956,12638.23064770721
3.580220999999996,19370.460048426306
3.580360999999996,17057.569296381425
3.580633999999996,18735.36299766979
3.6427339999999955,22099.447513813775
3.826290999999996,9913.258983890928
3.9099109999999953,18912.52955082464
3.9535939999999945,11157.601115755431
3.9540999999999946,10973.93689985979
3.954310999999995,10178.117048343784
3.954828999999995,8869.179600887328
3.955096999999995,10884.353741500921
3.955730999999995,14466.54611211506
3.9558319999999947,14159.292035400067
3.956283999999995,11251.75808720261
3.9579439999999946,9535.160905839897
3.9587829999999946,8412.197686644344
3.9593299999999947,8849.557522121564
3.960233999999995,9864.364981502891
3.960800999999995,15473.887814316979
3.961044999999995,13223.140495863643
3.966992999999995,8611.410118405223
3.967507999999995,9070.294784577707
3.9679219999999953,10443.864229764407
3.9707039999999956,11851.851851848283
3.9712979999999956,16161.61616160453
4.000778999999995,11834.319526636764
4.0339939999999945,10230.179028132201
4.034360999999994,14035.087719282843
4.0417969999999945,11142.061281337103
4.042350999999995,25078.36990594194
4.0425149999999945,15936.254980079604
4.042669999999995,14981.273408238734
4.0430169999999945,10025.062656635066
4.045394999999995,8456.659619451288
4.0460409999999944,8879.02330743797
4.046340999999995,9708.737864081042
4.046941999999994,17467.248908294296
4.047164999999994,11577.424023158615
4.047399999999994,8676.789587851654
4.053599999999994,10443.864229770463
4.054114999999994,13559.32203390133
4.0594669999999935,11994.002998501232
4.059680999999993,9626.955475322906
4.0601339999999935,15594.54191031157
4.060511999999994,21220.1591511771
4.060646999999994,15904.57256460783
4.060888999999994,16666.66666665
4.061149999999994,19999.999999957792
4.061368999999995,9673.518742441005
4.063196999999994,8928.57142857135
4.065330999999994,14519.056261349702
4.065570999999994,13179.571663930039
4.065881999999994,14897.57914340125
4.066177999999994,11527.377521610602
4.0717689999999935,13864.818024267573
4.072132999999994,21798.365122628624
4.072345999999993,14311.270125224224
4.074618999999993,8324.66181061211
4.080755999999993,12987.012987014043
4.089583999999993,11834.319526621215
4.090123999999993,27118.644067761834
4.090259999999994,27397.260273976455
4.090418999999994,34934.49781658859
4.0905519999999935,16666.66666665
4.090647999999994,15122.873345929333
4.091031999999994,31496.062992128904
4.091176999999994,40201.0050250686
4.091285999999994,39603.96039607618
4.091375999999994,35242.290748936684
4.091487999999994,20887.728459516704
4.095341999999994,36697.24770637597
4.095448999999994,35398.2300884167
4.0955599999999945,27586.20689658222
4.095674999999995,21739.1304347871
4.101585999999995,9132.420091325484
4.101768999999995,9029.345372456559
4.102461999999995,8648.648648643892
4.102654999999995,9195.402298851353
4.103386999999995,35087.71929826178
4.103524999999995,49689.4409936963
4.1095399999999955,9019.165727173917
4.109932999999995,10430.247718386845
4.110426999999995,21505.37634410944
4.1133259999999945,29304.02930403277
4.113491999999995,15873.015873006992
4.1135989999999945,13289.036544835983
4.113995999999995,16096.579476854957
4.114200999999995,20618.556701028007
4.114492999999995,40816.326530640785
4.114588999999995,27777.77777783566
4.117114999999995,12176.560121775543
4.117372999999994,12618.296529972407
4.117771999999994,18140.58956914628
4.118006999999994,15209.125475265146
4.118212999999995,11627.906976740063
4.125428999999994,17353.579175686587
4.125691999999995,8097.1659918992855
4.137062999999995,17241.379310344088
4.137328999999995,26490.06622512446
4.137526999999995,22535.21126761305
4.137630999999995,21052.63157895707
4.137881999999995,13769.363166944362
4.147344999999995,35087.71929826178
4.147477999999995,24169.18429002428
4.164321999999995,14010.507880913698
4.1689059999999944,35714.285714391604
4.168991999999994,34782.608695625786
4.169129999999994,41450.77720200128
4.169221999999994,31496.062992128904
4.1790479999999945,24615.384615374714
4.185338999999995,20304.5685279185
4.185597999999994,22922.636103156285
4.185732999999995,16000.000000008868
4.228428999999994,8968.609865476394
4.248605999999993,20000.0000000022
4.248924999999994,16877.63713081446
4.260395999999993,9467.455621301948
4.260705999999993,10652.463382154738
4.268821999999993,19851.11662529169
4.268987999999993,18648.018647998793
4.269224999999993,24999.999999974996
4.269416999999994,29629.629629581723
4.272052999999994,33195.02074689682
4.284358999999994,24767.801857528444
4.289836999999995,44692.73743012983
4.289931999999995,49079.75460105255
4.290015999999995,45454.545454385305
4.2900949999999956,40404.04040401132
4.322261999999996,16666.66666665
4.326761999999996,15122.873345929333
4.330843999999996,13136.288998360991
4.331112999999997,13769.363166965411
4.331452999999996,18223.23462414254
4.331693999999996,20833.333333312497
4.331891999999996,20100.5025125343
4.3320779999999965,9650.180940887838
4.332906999999997,9900.990099008162
4.337589999999997,19656.019656017423
4.337838999999997,33898.30508472781
4.337996999999997,31007.751937920126
4.338074999999997,31128.40466921276
4.3382549999999975,35555.55555549807
4.338331999999998,32653.061224423847
4.338479999999998,39024.39024385813
4.338576999999998,18390.80459768393
4.338684999999998,15325.670498080373
4.3390119999999985,20000.0000000022
4.339206999999998,18433.179723490943
4.3394119999999985,18823.52941176924
4.3396409999999985,10695.187165778992
4.342673999999998,8255.933952532183
4.343250999999998,13937.282229979524
4.3436429999999975,17316.017316027046
4.343824999999997,11267.605633806525
4.598202999999995,8273.009307134083
4.644277999999993,8501.594048883437
4.657345999999993,31128.404669320338
4.657509999999993,15936.254980079604
4.689150999999993,16666.66666665
4.689285999999993,8879.02330743797
4.689630999999993,8056.394763348632
4.690623999999993,8888.888888883288
4.691375999999993,23952.095808347338
4.691523999999993,20356.23409669907
4.6954849999999935,29739.77695164005
4.701942999999994,21798.365122628624
4.702031999999994,19323.671497578172
4.7023099999999936,20408.163265274154
4.7087219999999945,10526.315789466233
4.709302999999995,28070.175438609425
4.713070999999995,32921.81069955931
4.713217999999995,15037.593984969335
4.716673999999995,11347.517730497168
4.7289039999999956,9987.51560549249
4.729339999999995,9626.955475322906
4.729704999999996,9708.737864070577
4.731683999999996,8839.779005521172
4.732466999999996,14414.414414406487
4.755370999999998,8171.603677221127
4.7604409999999975,8447.729672650197
4.7613879999999975,10610.079575601048
4.761774999999997,11627.906976755074
4.762141999999997,13311.148086530666
4.762462999999997,9501.18764845094
4.789692999999998,12759.1706538953
4.790050999999998,16227.180527366225
4.790319999999999,10781.67115903258
4.834911999999997,16096.579476854957
4.838150999999997,10884.353741487768
4.838496999999998,16666.66666665
4.838885999999998,20460.358056241166
4.838976999999998,14814.814814815229
4.839276999999998,11713.030746713512
4.841019999999998,9456.26477541232
4.841540999999998,12558.869701722493
4.841865999999998,18306.63615561484
4.842177999999998,12779.552715663704
4.843592999999998,8547.008547014193
4.844060999999997,9389.671361501521
4.844528999999997,12903.22580644102
4.844912999999997,13816.92573402162
4.8451489999999975,13029.315960919048
4.900998999999999,15873.015873034965
4.959843999999999,8465.608465602734
4.993675999999999,13179.571663930039
4.9940039999999986,17278.617710587627
4.9942829999999985,22346.368715064917
5.042775,9184.84500573983
5.050194,12158.054711237119
5.059704000000001,28571.428571513286
5.525175999999999,8221.993833511178
5.5328659999999985,33755.27426169217
5.533003999999998,42105.26315791414
5.533102999999998,19753.08641972115
5.533193999999998,12861.736334388837
5.5475059999999985,18018.018018022525
5.561531999999998,8998.875140608257
5.567690999999997,9009.009009011263
5.570174999999997,9512.485136738425
5.5706599999999975,13445.378151267756
5.5710159999999975,17582.417582431102
5.571254999999997,26402.640264050788
5.571470999999997,35087.71929826178
5.571557999999997,24242.424242428544
5.571698999999997,18099.547511328212
5.571887999999997,13377.92642140248
5.572140999999997,12499.999999987498
5.572485999999997,16494.845360814852
5.572780999999997,21857.923497288997
5.572970999999997,21857.923497288997
5.573146999999997,16096.579476854957
5.573336999999997,14678.89908255039
5.573643999999997,19093.078758911815
5.573881999999998,14869.888475820026
5.575107999999998,10362.694300512241
5.575609999999998,19512.195121929064
5.575879999999999,28469.75088965968
5.576019999999999,32388.66396762626
5.576160999999999,21220.15915122709
5.576266999999999,11111.11111112056
5.576537999999998,8888.888888892061
5.576986999999998,13333.333333324934
5.577437999999998,34042.553191491505
5.5775869999999985,19323.671497619627
5.577672999999998,11379.800853490307
5.580437999999998,12441.679626763484
5.580727999999998,10309.278350525803
5.614765999999996,11976.047904189592
5.615064999999996,8695.652173914841
5.615433999999996,9029.34537246561
5.615984999999996,11379.800853490307
5.6163199999999955,10810.81081081784
5.6166879999999955,9237.875288690353
5.6184539999999945,9280.742459390458
5.641049999999995,8333.33333333271
5.644587999999994,10230.179028132201
5.644939999999995,12213.740458013921
5.6453699999999944,10088.27238334532
5.645594999999995,10037.641154323937
5.646162999999995,13093.289689031386
5.650781999999995,9569.37799043503
5.651289999999995,15841.584158430473
5.665666999999994,12364.760432769632
5.665972999999994,12598.425196851562
5.666313999999994,15444.015444001654
5.666607999999994,12638.230647698343
5.6760939999999955,8307.372793357526
5.682678999999995,26058.63192187579
5.6828349999999945,21621.62162160973
5.682985999999994,11713.03074669828
5.683204999999995,12048.192771076318
5.683668999999995,14760.147601468812
5.683868999999995,15180.265654650564
5.684210999999995,20100.502512579158
5.684395999999995,17857.1428571604
5.684608999999995,21563.342318039347
5.704144999999995,10362.694300512241
5.704673999999995,22160.664819954807
5.704916999999996,13400.335008376136
5.710817999999995,8307.372793349865
5.711421999999995,8849.557522121564
5.717312999999995,14285.714285711327
5.7176949999999955,23668.63905324243
5.7178729999999955,19138.75598087006
5.718032999999996,19950.124688318727
5.718290999999995,34632.034632120674
5.718433999999995,39408.86699508297
5.718521999999995,26666.666666649868
5.732574999999994,16771.488469599542
5.732813999999994,17857.142857125
5.7330519999999945,14010.507880913698
5.743443999999994,34188.03418805677
5.743533999999994,24024.024024062073
5.757284999999993,18912.529550844498
5.757575999999993,28169.01408453393
5.757707999999993,24539.877300593133
5.757859999999993,21857.923497235955
5.758033999999993,8121.8274111674
5.768746999999993,20100.502512579158
5.768981999999993,25078.36990601177
5.769144999999993,12232.415902141936
5.775277999999992,11527.377521625356
5.775611999999992,11644.83260552953
5.780997999999991,19370.460048426306
5.781269999999991,17582.41758239678
5.792156999999992,11235.955056179051
5.908802999999994,8918.61761426832
5.913633999999994,14440.433212992077
5.913938999999994,12326.656394450692
5.919152999999994,8859.357696574749
5.920733999999993,8510.638297864834
5.926275999999993,9950.248756224068
5.926521999999993,9302.325581401657
5.928501999999993,9569.37799043503
5.928962999999992,9603.841536613681
5.9293379999999924,10178.117048349535
5.9297959999999925,16632.016632025912
5.930123999999992,18735.362997650303
5.930276999999992,11887.0728083223
5.930550999999992,9163.802978241662
5.934984999999992,15533.980582522969
5.935407999999992,40404.04040401132
5.948433999999992,19512.195121929064
5.948726999999992,11747.43024963024
5.948843999999992,10457.516339876654
5.949407999999992,22222.22222224112
5.949608999999992,15151.515151512742
5.949767999999992,11994.002998501232
5.950136999999992,8629.989212514414
5.958524999999992,10652.463382154738
5.958821999999992,14842.300556566077
5.959275999999992,41025.64102551241
5.959360999999992,21108.179419493135
5.959470999999993,8611.410118405223
5.961251999999993,8762.322015328231
5.961749999999993,11994.002998501232
5.9621649999999935,12030.075187975468
5.962416999999993,15594.541910338568
5.962829999999993,25723.472668814407
5.962929999999993,12195.121951215571
5.973725999999993,11080.332409977404
5.9741549999999926,11611.03047894854
5.974447999999993,9205.983889521045
5.974843999999993,8456.659619443348
5.976592999999994,14732.965009197134
5.989004999999994,10554.089709758935
5.989404999999994,10796.221322529145
5.989762999999995,14842.300556590535
5.990145999999995,17977.52808988648
5.9903019999999945,13961.605584638415
5.990590999999995,16528.925619829555
5.990874999999995,15624.999999984373
5.991074999999995,18306.63615561484
5.991386999999995,26058.63192187579
5.991511999999995,21917.80821920783
5.9916939999999945,20356.23409669907
5.991876999999994,27972.027972027143
5.992086999999994,32653.06122454222
5.992162999999994,24316.10942250706
5.992331999999994,19184.652278151887
5.992491999999994,24169.18429002428
5.9927489999999946,53691.275167961576
5.992822999999994,52631.57894739267
5.992897999999994,23668.63905324243
5.992974999999994,9937.888198761188
5.995738999999993,8556.14973261913
5.996291999999993,9101.251422067468
5.996673999999993,10723.860589807193
6.002318999999994,14285.714285711327
6.029637999999995,43715.846994577994
6.029733999999995,43956.04395612066
6.029820999999995,43715.846994577994
6.029915999999995,50314.46540879863
6.047040999999995,34334.76394841035
6.047170999999995,36529.68036522786
6.047273999999995,40609.137055837
6.047389999999996,31746.03174606993
6.047470999999995,26058.6319218004
6.047641999999995,8196.721311470941
6.048617999999996,8483.56309650528
6.055078999999995,20460.35805628764
6.055387999999994,43010.75268811619
6.055469999999994,35087.71929826178
6.055573999999995,26402.640264050788
6.055697999999994,23391.812865507854
6.064409999999993,10596.026490068483
6.074012999999993,9840.098400984583
6.074486999999992,13913.043478250313
6.074825999999993,19184.652278151887
6.075061999999993,18475.750577361756
6.075242999999993,16326.530612241517
6.079484999999994,12288.786482327296
6.080013999999994,26578.073089671965
6.080135999999994,16528.925619829555
6.087688999999994,11034.48275861937
6.088051999999994,16985.13800424231
6.088413999999994,13008.13008130483
6.098339999999993,27777.777777749998
6.102625999999993,8988.76404494324
6.103187999999993,12598.425196851562
6.111709999999993,41450.77720200128
6.1214399999999936,19464.720194618534
6.132191999999994,10884.353741487768
6.155268999999995,15384.615384619707
6.155624999999995,8611.410118405223
6.158182999999996,37914.69194325463
6.158262999999995,12461.059190030543
6.160828999999995,12383.90092878125
6.1636649999999955,22535.21126761305
6.163919999999996,20460.35805628764
6.227703999999996,16701.4613778587
6.227922999999996,18433.179723490943
6.232428999999996,18735.362997650303
6.232605999999996,17057.569296349124
6.248388999999996,9768.009768010923
6.255257999999996,8238.928939239315
6.256119999999996,25723.472668814407
6.2855509999999954,8547.008547014193
6.286120999999995,12578.616352199657
6.303100999999995,28571.428571422653
6.303280999999996,40201.00502524803
6.3033809999999955,33613.44537821956
6.305196999999995,24024.024023997994
6.305446999999996,25806.45161291901
6.305529999999996,22857.142857138126
6.305756999999995,13536.379018612333
6.305879999999996,9070.294784582275
6.306347999999995,11019.283746553037
6.3067619999999955,16326.530612241517
6.307073999999996,26845.637583900774
6.307251999999996,23738.8724035586
6.3073719999999955,22099.447513813775
6.307588999999996,26229.508196721337
6.3077339999999955,25316.455696221685
6.309090999999995,15009.380863042366
6.309533999999995,24464.831804250647
6.309623999999995,22346.368715064917
6.309860999999995,24539.877300593133
6.339182999999996,10767.160161508298
6.339417999999996,9852.216748770743
6.339925999999996,10554.089709758935
6.340229999999996,12364.760432752659
6.340683999999996,15209.125475265146
6.340876999999996,10914.051841741531
6.341209999999997,8724.10032715111
6.341609999999997,10416.666666668296
6.342126999999997,11379.800853490307
6.3423779999999965,9445.100354188316
6.342829999999997,10282.776349609248
6.346777999999997,10165.184243966087
6.3627309999999975,12924.071082383243
6.363349999999998,8639.308855293813
6.366356999999998,20253.16455695458
6.366587999999998,19900.49751242615
6.366751999999998,19002.37529690188
6.366989999999999,14492.753623191402
6.367172999999998,15355.086372361031
6.369627999999999,13840.83044982777
6.374081999999999,16393.4426229568
6.374387999999999,23668.639053304625
6.3745699999999985,18691.58878507167
6.374725999999998,12102.874432677345
6.374997999999998,11834.319526621215
6.375386999999998,12903.22580644102
6.375673999999998,12638.230647698343
6.376006999999999,11730.205278587327
6.376306999999999,10050.251256278365
6.395388999999999,9888.751545113986
6.400588999999998,24999.999999974996
6.411115999999998,17937.21973093493
6.411305999999998,10958.904109590581
6.425814999999997,10050.251256278365
6.426610999999998,9569.377990424864
6.427348999999998,33755.27426156566
6.4487989999999975,11940.29850747152
6.449285999999997,15009.380863042366
6.461378999999996,9259.259259259517
6.461860999999996,8928.57142857135
6.462242999999996,8429.926238142656
6.462756999999996,10349.28848640881
6.463191999999997,9708.737864070577
6.507213999999996,8205.12820513238
6.508032999999996,12558.869701740005
6.5093529999999955,12084.59214501214
6.5096899999999955,8648.648648643892
6.510014999999996,9708.737864070577
6.510614999999996,13093.289689031386
6.510838999999996,8820.286659318674
6.525621999999996,10884.353741500921
6.548896999999994,8752.735229760647
6.5494529999999935,13913.043478250313
6.549810999999994,24024.024023997994
6.554836999999995,41025.64102569927
6.5549369999999945,35714.28571425
6.555031999999994,28368.79432620718
6.555160999999995,31249.999999968746
6.555313999999995,40404.04040401132
6.555416999999995,18223.23462414254
6.555511999999995,8602.150537631454
6.555855999999995,8602.150537631454
6.560753999999996,11976.047904189592
6.561019999999996,12326.656394450692
6.575683999999995,19851.11662533544
6.575974999999995,29850.746268738156
6.913824999999991,12345.679012346023
6.923259999999992,11111.111111106853
6.930012999999993,8528.784648190713
6.940456999999992,17316.017316027046
6.9408009999999924,8762.322015336755
6.983344999999994,9546.539379476144
6.987360999999994,8492.569002121156
6.9907209999999935,8830.022075050145
6.992576999999994,8213.552361394175
6.994226999999994,8839.779005529848
6.994739999999994,9445.10035419822
6.995131999999994,8676.789587851654
6.998876999999994,8501.594048883437
6.999219999999994,9237.875288680878
6.999817999999994,11799.410029503148
7.000085999999994,8733.624454155615
7.000495999999994,9411.76470588462
7.0010019999999935,11730.205278587327
7.001345999999994,12403.10077518513
7.003782999999994,9975.06234413727
7.004057999999994,8307.372793357526
7.005020999999994,8800.880088008329
7.005683999999994,14084.507042266965
7.005929999999994,12678.288431074223
7.006251999999994,13816.92573402162
7.009745999999994,9456.26477541232
7.010325999999994,16260.162601642778
7.010591999999994,18433.179723528665
7.010817999999993,8024.072216650637
7.014950999999994,12066.365007535978
7.018235999999995,9925.558312656782
7.020106999999994,8639.308855293813
7.021403999999994,8342.022940563676
7.025674999999994,8255.933952532183
7.026321999999994,10178.117048349535
7.031134999999994,8714.596949887095
7.080572999999995,8205.12820513238
7.0812439999999945,8510.638297872876
7.090898999999994,8196.721311470941
7.092753999999995,10113.78002527895
7.093239999999995,10471.204188478812
7.094709999999996,9937.888198750225
7.0963939999999965,12158.05471125353
7.096800999999997,9925.558312656782
7.097051999999996,10498.687664042967
7.0976069999999964,15238.095238104972
7.098131999999996,8667.388949076938
7.098850999999996,14440.433212992077
7.099054999999996,13071.895424830642
7.099404999999996,10899.182561301122
7.099666999999997,10989.010989003351
7.100138999999997,16359.91820041028
7.1014579999999965,9216.589861745471
7.102107999999997,14981.273408238734
7.102325999999997,10037.641154335124
7.1037199999999965,8908.685968816748
7.104286999999997,15151.515151512742
7.104617999999997,19851.11662529169
7.104814999999997,8138.351983718144
7.105797999999997,14336.917562728218
7.106139999999997,12195.121951215571
7.107642999999998,9445.10035419822
7.1082769999999975,19002.37529694197
7.108489999999997,14035.087719304713
7.108697999999997,13651.877133101201
7.109059999999997,13136.288998360991
7.109283999999997,10825.4397835003
7.109668999999997,10554.0897097713
7.110022999999996,13008.13008130483
7.110426999999996,18867.92452831266
7.113955999999996,9039.548022605422
7.114840999999996,8537.886873003292
7.1154489999999955,14336.917562728218
7.115777999999995,14545.454545464956
7.116006999999995,9768.009768010923
7.116327999999995,8705.114254619304
7.116825999999995,12779.552715645572
7.118488999999996,10088.27238335662
7.119281999999996,10309.278350514003
7.119802999999996,8264.462809914778
7.120770999999996,8592.910848545707
7.121235999999996,8800.880088008329
7.180024999999995,10430.247718386845
7.181865999999995,9791.921664631194
7.182417999999995,16293.279022424726
7.182682999999995,10230.17902814382
7.184636999999993,9334.889148192611
7.186276999999993,8733.624454147148
7.1869449999999935,8800.880088008329
7.189299999999993,14109.347442675644
7.189611999999993,14545.454545441467
7.189866999999993,10638.297872336068
7.190161999999994,10075.566750630212
7.193258999999993,8298.755186724205
7.193993999999993,8938.547486034837
7.1964689999999925,14035.087719304713
7.196720999999992,12288.786482327296
7.197038999999992,11126.564673155055
7.1973719999999926,11428.571428569063
7.197757999999992,11764.7058823527
7.198071999999993,14234.875444852336
7.198437999999992,19417.475728162084
7.198633999999992,15355.086372361031
7.198849999999992,13816.92573402162
7.199154999999992,15065.913370983837
7.199428999999992,17353.579175686587
7.199685999999993,19512.195121929064
7.199889999999993,16161.616161590031
7.200095999999993,18058.69074489501
7.200384999999994,20408.163265274154
7.200538999999994,19093.078758911815
7.200776999999994,18099.547511291843
7.200957999999995,14953.271028032514
7.201218999999995,13605.442176859711
7.201492999999995,15748.031496064452
7.201806999999995,12326.656394467562
7.205386999999994,9422.85041224367
7.205813999999994,8483.56309649729
7.206235999999994,8056.394763341426
7.206756999999994,9445.100354188316
7.207228999999995,12403.10077518513
7.207603999999995,16528.925619829555
7.207873999999995,18823.52941176924
7.209393999999995,14705.88235292647
7.209593999999996,12965.96434359617
7.209937999999996,10840.10840108214
7.211410999999996,15094.339622656451
7.2117469999999955,14598.540146003335
7.211940999999995,9615.384615385265
7.212294999999995,8705.114254619304
7.212772999999995,11940.298507455691
7.213213999999995,11347.517730497168
7.213442999999995,11204.481792711978
7.213918999999995,11173.184357532458
7.214156999999996,11347.517730497168
7.2159089999999955,17021.276595745752
7.216130999999995,9009.009009011263
7.217018999999995,8342.022940563676
7.217977999999995,9142.85714285061
7.2199189999999955,9467.455621301948
7.220270999999996,10204.081632660196
7.2207639999999955,11577.424023158615
7.221054999999995,8820.286659318674
7.221454999999995,9744.214372714032
7.221961999999995,15094.339622631156
7.2222759999999955,15564.202334633275
7.224379999999996,12965.96434359617
7.224634999999996,13937.282229957958
7.226682999999996,8097.1659918992855
7.227280999999996,9489.916963219894
7.2303849999999965,10178.117048349535
7.231170999999996,8056.394763341426
7.231895999999996,9248.554913293561
7.290280999999998,11126.564673155055
7.290631999999998,11396.011396018923
7.290999999999998,14084.507042266965
7.291333999999997,14787.43068391526
7.291567999999997,11695.906432738739
7.291874999999997,11494.25287355539
7.292251999999998,13311.148086510995
7.292570999999998,11713.03074669828
7.292852999999998,11544.011544010633
7.293253999999998,17699.115044243128
7.293545999999998,13114.754098360669
7.2937059999999985,11126.564673155055
7.294155999999998,14814.814814815229
7.294424999999999,16129.032258062827
7.294695999999998,17621.145374433872
7.294920999999999,24390.243902464164
7.295149999999999,39603.96039607618
7.295248999999998,35087.71929826178
7.2953519999999985,30888.03088805627
7.295476999999998,34632.03463198751
7.295610999999998,28880.866425937853
7.2957079999999985,20618.556701028007
7.295887999999999,20565.552699218497
7.296095999999999,20618.556701028007
7.296276999999999,19184.65227819275
7.296483999999999,16260.162601613423
7.296693999999999,14842.300556566077
7.300326999999999,10973.936899866474
7.300776999999999,15355.086372361031
7.302128999999999,10088.27238335662
7.302612999999999,10282.776349620986
7.302921999999999,11560.693641619919
7.303390999999999,9280.74245940002
7.305529999999998,9732.360097330298
7.306086999999998,10752.688172041884
7.307671999999998,15717.092337914622
7.307931999999998,14760.147601468812
7.3081809999999985,12759.170653913374
7.308473999999999,12638.230647716076
7.308807999999998,11251.75808720261
7.309106999999998,10526.315789478534
7.309518999999998,11730.205278602603
7.309866999999998,13468.013468023913
7.3102009999999975,17094.017094028386
7.310460999999997,10256.410256413137
7.312292999999998,8537.8868729952
7.312751999999998,8483.56309649729
7.313229999999998,9592.326139086159
7.313694999999998,9638.554216871367
7.314063999999998,9592.326139096374
7.314524999999998,8791.208791215551
7.315434999999997,8565.310492505441
7.316053999999998,13468.013468023913
7.321753999999998,8333.33333333271
7.322084999999998,8247.422680414978
7.323717999999998,9122.006841504957
7.330841999999998,10243.277848912692
7.331088999999998,9661.835748789086
7.614828999999998,9153.31807779812
7.615382999999998,9732.360097319783
7.645445999999999,9174.311926603337
7.664699999999999,8188.331627432724
7.665340999999999,10088.27238335662
7.673156,8016.0320641278195
8.527218999999997,8762.322015345278
8.527717999999997,11544.011544010633
8.546227,8537.8868729952
8.571682999999998,10840.10840108214
8.576721999999998,9925.558312645844
8.922022,25559.105431291144
8.927055000000001,20151.133501282966
8.968312000000001,17621.145374468342
8.968594000000001,18691.58878507167
8.983245,15968.063872259867
9.046946,14492.753623168082
9.047276,17130.62098499459
9.047498000000001,15094.339622656451
9.047743,13201.320132025394
9.048028,14598.540145979674
9.048349,11510.79136690094
9.048576,12539.18495297097
9.049044,11976.047904173669
9.049214000000001,10101.01010100283
9.049712000000001,10568.031704093455
9.050006000000002,9950.248756213075
9.052523,10989.010989003351
9.053085000000001,20942.408376957625
9.053251000000001,9580.838323349126
9.053467000000001,9708.737864081042
9.054086000000002,15748.031496064452
9.168084000000006,8359.45663532174
9.284775000000005,17130.62098499459
9.285010000000005,9626.955475333196
9.285242000000006,10840.10840108214
9.285841000000005,24169.184289959427
9.295873000000006,12558.869701740005
9.301618000000005,11560.693641634756
9.301892000000004,13986.013986013571
9.309954000000005,25316.455696221685
9.310088000000004,11994.002998501232
9.310755000000004,8264.462809914778
9.311433000000005,8359.45663532174
9.396002000000001,10796.221322516205
9.399822000000002,12364.760432786607
9.400150000000002,14842.300556590535
9.400469000000001,18867.924528273135
9.400689000000002,20253.16455700012
9.400893000000002,16194.33198381313
9.401084,11065.006915618682
9.401387000000001,13157.894736848168
9.401807000000002,21857.923497288997
9.401995000000001,20887.728459565144
9.403437,9269.988412525785
9.406967,9367.681498825152
9.412689,9650.180940898175
9.414394,8403.361344539211
9.415033,12779.552715645572
9.415346,16666.666666680838
9.415659,17204.30107526291
9.415826,10376.134889749539
9.433145,45977.01149439758
9.438948,26936.026936047827
9.439122,34042.553191491505
9.449919,29739.77695154186
9.450044,35874.43946186986
9.461336000000001,11157.601115762342
9.462053000000001,8695.652173923236
9.462801,24242.424242428544
9.462973,23809.52380946853
9.466180000000001,16194.33198381313
9.495698,10088.27238335662
9.495997000000001,13377.92642140248
9.496491,21505.376344058095
9.496595000000001,17241.379310311084
9.496863000000001,19277.108433722107
9.497059000000002,14519.056261349702
9.500458000000002,20833.333333312497
9.500564000000002,14010.50788093549
9.500842000000002,12861.736334407204
9.501135000000001,13513.513513489861
9.501464000000002,18561.48491876179
9.501727000000002,24691.358024624362
9.504373000000003,8324.66181061211
9.504746000000003,8281.573498964612
9.507982000000004,10322.580645149857
9.508439000000005,13605.442176859711
9.508757000000005,8888.888888892061
9.516147000000005,12800.000000011642
9.516411000000005,14492.75362321472
9.516772000000005,12383.900928798275
9.516963000000004,12861.736334407204
9.517418000000005,8620.689655172044
9.647947000000004,8088.978766440582
9.692311000000004,12678.288431056377
9.692721000000004,16771.488469599542
9.692942000000004,11976.047904173669
9.714384000000006,10443.864229758352
9.720403000000006,24767.80185759655
9.720576000000007,18306.63615561484
9.720726000000006,15999.999999980446
9.721013000000006,17505.47045948727
9.721226000000007,17094.017094028386
9.721470000000007,8667.388949093618
9.721694000000006,8639.308855293813
9.722393000000006,11267.605633806525
9.723880000000005,11713.03074669828
9.725333000000004,10484.927916107421
9.725634000000005,10958.904109577248
9.726096000000005,13422.818791950387
9.726364000000006,11594.202898541927
9.726692000000005,9803.921568622982
9.727054000000006,12965.96434359617
9.727508000000006,16032.064128212836
9.727671000000006,12759.170653877227
9.731663000000008,10796.221322542086
9.731994000000007,12965.96434359617
9.732404000000008,13651.877133101201
9.732611000000007,11730.205278572052
9.732990000000008,11461.318051578142
9.733293000000009,9535.160905849993
9.733688000000008,9060.022650056962
9.734132000000008,12882.4476650429
9.734571000000008,18867.924528273135
9.734753000000008,15717.092337942047
9.734995000000009,13582.34295416585
9.736747000000008,8898.776418238263
9.737345000000008,9039.548022596351
9.737646000000009,10178.117048349535
9.740661000000008,12121.212121214272
9.741014000000009,8230.45267490487
9.744783000000009,10012.51564454742
9.745120000000009,9803.921568622982
9.76880900000001,16064.257028101756
9.76907000000001,16293.279022395252
9.77256500000001,13793.10344829111
9.77492700000001,21505.376344058095
9.775152000000011,23391.812865507854
9.775299000000011,19559.902200515895
9.77549400000001,15065.913370983837
9.788725000000012,9324.009323999397
9.815834000000013,12012.012011998997
9.816033000000013,11477.761836431786
9.816500000000014,16597.51037344841
9.816730000000014,14492.75362321472
9.816982000000014,12139.605462843552
9.817282000000013,13400.335008396072
9.817641000000012,21505.376344160788
9.817879000000012,15873.015873034965
9.818013000000011,12903.225806459504
9.818383000000011,14134.275618395079
9.81863300000001,14732.965009197134
9.81894900000001,16913.319238854936
9.819176000000011,22160.664819954807
9.819422000000012,28268.551236790157
9.819537000000011,19370.460048426306
9.819705000000011,16227.180527424694
9.819950000000011,17391.30434788005
9.82019800000001,11730.205278602603
9.82041000000001,11444.92131618041
9.82088000000001,21917.808219261166
9.821109000000009,24539.87730065999
9.821245000000008,15009.380863017355
9.821435000000008,8695.652173906446
9.829319000000009,8968.609865467464
9.83356300000001,8342.022940563676
9.83645100000001,9975.06234413727
9.837016000000009,12030.075187975468
9.838460000000008,13377.92642140248
9.839984000000008,9744.214372714032
9.840674000000009,15748.031496064452
9.840805000000008,12759.170653913374
9.841182000000009,18475.750577399653
9.841432000000008,23054.755043250712
9.841615000000008,13840.830449849038
9.845432000000008,14466.54611211506
9.845761000000008,19138.75598087006
9.845985000000008,14814.814814790861
9.855504000000009,10958.904109603915
9.855875000000008,13050.570962489603
9.856234000000008,11142.061281350885
9.856488000000008,8620.689655188544
9.865777000000007,13445.378151247685
9.866094000000007,17241.379310377088
9.866372000000007,17937.21973093493
9.866558000000007,17621.1453743994
9.873013000000007,15444.015443975173
9.876097000000009,28469.750889569692
9.876213000000009,11816.838995544756
9.92325000000001,24242.424242428544
9.935760000000009,20460.35805633412
9.935908000000008,16877.637130846084
9.936151000000008,12539.184953005884
9.936382000000007,15238.095238104972
9.936789000000006,21621.62162160973
9.945824000000005,11958.146487289952
9.946031000000005,14492.753623168082
9.946493000000006,28469.750889749666
9.946583000000006,22792.022792124357
9.946774000000005,11444.92131618041
9.950675000000004,38277.51196174012
9.950772000000004,22346.368715064917
9.954586000000004,11126.564673155055
9.955071000000004,17505.47045948727
9.955305000000005,15473.887814303685
9.955528000000005,10296.010296018756
9.961375000000004,8724.10032715956
9.962004000000004,16293.279022395252
9.967769000000006,11363.636363624999
9.968093000000007,9720.534629399157
9.982492000000008,17278.617710587627
9.982817000000008,17738.359201774656
9.990837000000008,10088.27238335662
10.022103000000007,14678.899082598233
10.022443000000006,12519.561815344063
10.025985000000006,11816.838995575761
10.026360000000006,15936.254980107798
10.026662000000005,22857.142857196126
10.026862000000005,27777.77777783566
10.027012000000004,13913.043478271804
10.027150000000004,9060.022650056962
10.027587000000004,11577.424023158615
10.034007000000004,11544.011544010633
10.036745000000005,15968.063872203249
10.042668000000006,14598.540145979674
10.042817000000007,13266.998341627206
10.043216000000006,21739.1304347871
10.051004000000006,12213.740458013921
10.051385000000007,11869.4362017793
10.051659000000006,8255.933952517049
10.052059000000007,9512.485136728379
10.052628000000007,15594.54191028457
10.052900000000008,11034.482758605853
10.053141000000009,8163.265306120758
10.05362500000001,10471.204188478812
10.05412100000001,11922.503725772956
10.05438900000001,9205.983889530455
10.05479200000001,9142.85714286917
10.05525800000001,9815.950920253299
10.055667000000009,11834.319526621215
10.056073000000008,16064.257028101756
10.056343000000009,14440.433213015227
10.056571000000009,14209.591474254023
10.056897000000008,13400.3350083562
10.057134000000008,10624.16998670094
10.057494000000009,13029.3159609002
10.05788700000001,19002.37529694197
10.05810800000001,17021.276595745752
10.05830800000001,20725.38860100064
10.05857800000001,21164.02116404662
10.05869400000001,13582.34295416585
10.05895600000001,12861.736334407204
10.05928300000001,10582.01058202331
10.060836000000009,8968.609865467464
10.06143300000001,10457.516339876654
10.06172800000001,9876.543209882233
10.06219800000001,14209.591474254023
10.062538000000009,15209.125475265146
10.062761000000009,15717.092337887198
10.06306400000001,19138.75598087006
10.06327000000001,10443.864229782572
10.06348200000001,8483.56309650528
10.064036000000009,12598.42519683394
10.064425000000009,12066.365007519813
10.06957200000001,21563.34231809097
10.06974600000001,8762.322015328231
10.07843400000001,26058.63192187579
10.07860600000001,22099.447513759555
10.08007900000001,10752.688172029048
10.081508000000012,14362.65709154686
10.081838000000012,15503.875968960063
10.082065000000012,12987.012986995318
10.082354000000013,10709.50468540117
10.082681000000013,10973.936899866474
10.083101000000013,13266.998341627206
10.083410000000013,10810.810810804865
10.083704000000013,11695.906432753927
10.084150000000013,13333.333333324934
10.084388000000013,13605.442176859711
10.084750000000014,22038.567493106075
10.084976000000013,19999.999999957792
10.085113000000014,16666.666666680838
10.085376000000014,18475.750577399653
10.085593000000014,18306.63615561484
10.085809000000014,17897.091722618297
10.086030000000013,17278.617710587627
10.086256000000013,17130.62098499459
10.086493000000013,19753.08641972115
10.086723000000013,21505.376344058095
10.086898000000014,24767.80185759655
10.087095000000014,25157.232704399314
10.087221000000014,18518.518518519035
10.087413000000014,15267.17557250705
10.087653000000014,15384.615384619707
10.087937000000014,17977.52808992236
10.088173000000014,17130.62098499459
10.088382000000014,16161.616161590031
10.088640000000014,15999.999999980446
10.088877000000014,16528.925619829555
10.089140000000015,18561.484918838294
10.089361000000014,18912.529550844498
10.089571000000014,18779.34272296389
10.089784000000014,19417.475728120222
10.089997000000015,25723.472668814407
10.090196000000015,27586.20689658222
10.090308000000014,25806.45161284507
10.090486000000014,22346.368715064917
10.090618000000015,18264.840182688007
10.090844000000015,17621.145374468342
10.091056000000014,18867.924528273135
10.091298000000014,19464.720194660596
10.091480000000015,17241.379310377088
10.091709000000014,16985.13800427434
10.091944000000014,15968.063872259867
10.092180000000013,17021.276595745752
10.092445000000014,19323.671497619627
10.092650000000013,18475.750577399653
10.092859000000013,19093.07875899276
10.093083000000012,19093.07875899276
10.093278000000012,19277.10843380462
10.093502000000012,20833.33333340887
10.09369300000001,20000.000000046613
10.09388600000001,19464.720194660596
10.09409300000001,16842.105263165653
10.09429700000001,14787.43068391526
10.09456800000001,16806.722689047063
10.09483800000001,18058.69074489501
10.09504400000001,17897.091722618297
10.09528100000001,18475.750577399653
10.09549100000001,15180.265654650564
10.09571400000001,16528.925619829555
10.09601800000001,18348.623853187986
10.09619800000001,15594.541910338568
10.09645400000001,17621.145374468342
10.09671100000001,20833.333333312497
10.09690800000001,18475.75057732386
10.09709500000001,18223.23462414254
10.09734100000001,20887.728459565144
10.09753400000001,20725.38860100064
10.09772400000001,16701.4613778587
10.09792000000001,15810.276679852102
10.09820300000001,19047.619047615102
10.09842600000001,21680.216802216462
10.09862300000001,20408.163265320392
10.09879500000001,17660.04415010029
10.09901500000001,14571.948998192665
10.09924800000001,15999.999999980446
10.09956400000001,19002.375296861792
10.09974800000001,17505.47045948727
10.09998500000001,18648.018647998793
10.100205000000011,20304.5685279185
10.100414000000011,14953.271028057337
10.100599000000011,13840.830449849038
10.10094900000001,18181.818181845876
10.10117700000001,16563.14699795968
10.10138900000001,15037.593984969335
10.10166000000001,19417.475728120222
10.10192100000001,22988.505747081443
10.10207200000001,16494.84536084506
10.10226900000001,17316.017316060337
10.10255700000001,22535.21126766943
10.10273100000001,20671.834625327527
10.102912000000009,17316.017315993755
10.10311800000001,15686.27450979677
10.10337400000001,15841.584158402611
10.10362800000001,18957.345971547515
10.10387900000001,21052.63157895707
10.10405000000001,20460.358056241166
10.10425900000001,21739.1304347871
10.10444100000001,19704.433497541486
10.10462700000001,18018.018018022525
10.10484700000001,20202.020202096282
10.10507100000001,20408.163265320392
10.105243000000009,17621.1453743994
10.10546300000001,17817.37193758063
10.10569700000001,19047.619047615102
10.10591200000001,18348.623853262743
10.10611700000001,17857.142857195802
10.10634800000001,17543.85964913089
10.106565000000009,15904.57256460783
10.10680400000001,17391.304347812893
10.107068000000009,28070.175438609425
10.10726400000001,36036.03603618922
10.107353000000009,27777.77777783566
10.107486000000009,24922.118380095562
10.107641000000008,20618.556700980807
10.107807000000008,22038.567493106075
10.108029000000009,23255.813953480127
10.108170000000008,17897.091722547175
10.10837300000001,14869.888475820026
10.10861700000001,17699.11504420835
10.10891100000001,18691.588784994095
10.10906900000001,13913.043478228823
10.109339000000011,15717.092337887198
10.109644000000012,19656.01965597453
10.109848000000012,19047.619047615102
10.110051000000013,18604.651162803315
10.110268000000012,17621.1453743994
10.110481000000012,17241.379310311084
10.110722000000013,17278.617710587627
10.110945000000013,17937.21973093493
10.111185000000013,20942.408376957625
10.111391000000014,20512.820512849634
10.111567000000013,17857.142857125
10.111781000000013,17817.37193758063
10.112015000000014,23391.812865386357
10.112230000000014,21798.36512257587
10.112357000000015,17130.62098499459
10.112597000000015,17897.091722547175
10.112824000000016,18306.63615561484
10.113044000000016,19370.460048426306
10.113261000000016,19607.843137245964
10.113457000000016,18433.179723490943
10.113669000000016,16842.10526310267
10.113891000000017,17241.379310311084
10.114144000000017,19323.671497536714
10.114355000000018,19656.01965597453
10.114558000000018,19851.11662529169
10.114762000000018,21333.333333332524
10.114961000000019,22662.889518382024
10.115137000000018,23880.597014816412
10.11531400000002,23668.639053180235
10.11547200000002,20050.125313292447
10.11565200000002,18561.484918838294
10.11587100000002,17660.04415010029
10.11608300000002,21390.374331507184
10.11632400000002,22408.96358547971
10.11645700000002,20779.220779240444
10.11668100000002,20671.834625327527
10.11684200000002,17738.359201774656
10.11706800000002,18348.623853187986
10.11729300000002,18604.651162803315
10.11750400000002,20304.5685279185
10.11772300000002,19230.76923070894
10.11789800000002,17817.37193758063
10.11813900000002,23598.82005897538
10.118347000000021,24615.384615374714
10.118478000000021,20725.38860100064
10.118672000000021,20408.163265320392
10.118864000000022,18140.58956914628
10.119064000000021,18018.01801795044
10.119305000000022,18912.529550765074
10.119508000000023,18181.818181772473
10.119728000000023,18867.924528273135
10.119948000000024,20942.408376957625
10.120152000000024,19230.76923079106
10.120330000000024,18475.750577399653
10.120568000000024,20887.728459565144
10.120763000000023,18099.547511328212
10.120951000000023,15473.887814303685
10.121205000000023,16913.319238918455
10.121468000000023,19138.75598087006
10.121678000000022,18264.84018261393
10.121886000000023,19753.08641972115
10.122116000000023,21978.021977953074
10.122291000000024,22662.889518382024
10.122480000000024,21798.36512257587
10.122644000000024,17977.5280898506
10.122847000000025,17937.21973093493
10.123089000000025,19002.37529694197
10.123293000000025,18306.63615561484
10.123510000000024,17582.41758239678
10.123730000000025,20618.556701075206
10.123965000000025,28070.175438609425
10.124118000000024,25641.025640945252
10.124250000000025,17817.371937651118
10.124430000000025,17130.620985059755
10.124699000000025,21621.621621713533
10.124897000000024,25078.36990601177
10.125069000000023,26315.789473696335
10.125216000000023,23121.387283210162
10.125373000000023,22038.567493106075
10.125562000000023,23391.812865507854
10.125736000000023,22408.96358536821
10.125904000000023,24922.11837995765
10.126093000000024,27397.260273976455
10.126225000000025,21108.179419592067
10.126385000000024,16806.72268910978
10.126604000000023,17241.379310377088
10.126861000000023,18735.362997650303
10.127068000000023,18390.80459764638
10.127288000000023,19138.75598078873
10.127503000000024,18604.65116272646
10.127706000000025,18433.179723490943
10.127933000000025,20151.133501282966
10.128140000000025,19417.475728120222
10.128330000000025,18912.529550765074
10.128552000000026,19656.01965597453
10.128753000000026,18735.362997650303
10.128959000000027,18475.750577399653
10.129180000000026,19138.75598087006
10.129392000000026,19002.375296861792
10.129598000000026,19277.108433722107
10.129813000000027,19851.11662529169
10.130013000000027,21390.374331507184
10.130216000000027,20565.552699218497
10.130387000000027,18475.75057732386
10.130605000000028,19323.671497536714
10.130820000000028,21276.595744621878
10.131019000000029,21978.021977953074
10.13119600000003,18867.924528273135
10.13138300000003,16985.13800421028
10.13162000000003,17937.21973093493
10.13185400000003,18823.52941176924
10.13206600000003,18390.80459764638
10.13227900000003,17817.37193758063
10.132501000000032,16260.16260158407
10.132728000000032,18348.623853187986
10.132993000000033,21978.02197806033
10.133164000000033,16806.72268910978
10.133357000000032,17738.359201774656
10.133640000000032,24316.109422441416
10.133808000000032,19656.01965597453
10.133969000000032,16393.442622926967
10.134215000000033,16771.488469599542
10.134457000000033,18058.69074489501
10.134692000000033,19184.652278151887
10.134900000000034,19323.671497619627
10.135109000000034,18264.840182688007
10.135314000000033,18018.018018022525
10.135547000000033,19704.433497541486
10.135758000000033,17543.85964913089
10.135953000000033,17094.017094028386
10.136214000000033,20000.000000046613
10.136421000000032,22222.222222295943
10.136614000000032,20151.133501282966
10.136781000000031,18306.63615561484
10.137011000000031,16701.4613778587
10.137218000000031,17660.04415010029
10.137490000000032,20460.35805633412
10.137671000000031,18823.52941176924
10.13788100000003,16597.51037344841
10.138096000000031,17021.276595745752
10.13836300000003,17467.248908294296
10.138566000000031,17094.017094028386
10.13882100000003,19370.460048426306
10.13903400000003,20997.375328134884
10.13923400000003,18306.63615561484
10.13941500000003,17021.276595745752
10.13967100000003,18518.518518519035
10.13988500000003,16877.63713078283
10.14010300000003,17057.569296349124
10.14035900000003,19801.98019803809
10.14057200000003,19753.086419807787
10.14076300000003,16161.616161648028
10.14097700000003,15968.063872259867
10.141258000000029,16227.180527366225
10.14147800000003,16666.666666680838
10.14175100000003,21220.1591511771
10.14195800000003,20997.375328036986
10.14212800000003,15686.27450979677
10.14233900000003,16632.0166319952
10.14263800000003,20887.728459468268
10.14282000000003,19002.375296861792
10.143021000000031,19851.11662529169
10.143241000000032,21739.1304347871
10.143424000000032,23880.59701494304
10.143609000000032,19047.619047615102
10.143759000000031,16985.13800421028
10.144029000000032,18348.623853187986
10.144230000000032,17543.85964913089
10.144465000000032,17167.381974270615
10.144686000000032,15414.258188859532
10.144931000000032,15594.541910338568
10.145205000000031,18823.52941176924
10.145444000000031,17857.142857195802
10.14563000000003,15355.086372387208
10.14589200000003,17353.579175720024
10.14615100000003,16842.105263165653
10.14635300000003,15968.063872259867
10.14662600000003,9489.91696322989
10.14685400000003,8188.331627425281
10.14746900000003,11080.332409950142
10.14783100000003,14209.591474209188
10.14819100000003,18561.48491876179
10.148394000000032,17316.017315993755
10.148622000000032,15094.339622605861
10.148856000000032,15717.092337887198
10.149152000000033,18140.58956914628
10.149365000000033,15296.367112828693
10.149593000000033,13913.043478271804
10.149888000000033,14311.270125201485
10.150168000000033,16227.180527366225
10.150447000000034,18518.518518519035
10.150661000000033,16632.0166319952
10.150879000000034,13840.8304498065
10.151142000000034,15533.980582522969
10.151457000000034,15779.092702203083
10.151657000000034,9685.230024213153
10.151964000000033,10282.776349609248
10.152483000000034,16666.666666680838
10.152742000000034,18691.58878507167
10.152963000000033,12759.170653913374
10.153170000000033,11111.11111112056
10.153590000000033,13793.10344829111
10.153890000000033,13136.288998341834
10.154170000000033,11940.298507439864
10.154499000000033,10810.810810804865
10.154840000000034,11477.761836431786
10.155239000000034,14311.270125201485
10.155537000000034,13355.592654438531
10.155798000000035,14492.75362321472
10.156136000000034,17467.248908294296
10.156350000000034,8639.308855293813
10.156594000000034,8179.95910020514
10.157276000000033,12139.605462810829
10.157572000000034,10624.169986726001
10.157935000000034,13201.320132025394
10.158325000000033,13223.140495863643
10.158541000000033,14209.591474254023
10.158930000000034,15267.175572558806
10.159104000000033,14388.489208644562
10.159454000000032,15717.092337887198
10.159660000000033,9195.402298841966
10.159963000000033,9852.216748770743
10.160530000000033,14414.414414406487
10.160775000000033,9779.951100236709
10.161085000000034,9962.64009963331
10.161593000000034,8097.165991906565
10.162581000000033,11444.921316151323
10.163027000000033,12779.552715645572
10.163280000000034,9122.006841514196
10.163653000000034,10296.010296018756
10.164157000000033,16194.33198381313
10.164430000000033,12820.512820509122
10.164651000000033,12558.869701704982
10.165054000000033,14336.917562682576
10.165288000000034,12480.499219936322
10.165612000000035,12480.499219936322
10.165929000000036,14842.300556541619
10.166253000000037,16393.442622926967
10.166468000000037,14519.056261349702
10.166741000000037,14109.347442675644
10.167019000000037,12882.4476650429
10.167308000000038,12618.296529972407
10.167640000000038,15296.367112828693
10.167942000000037,18018.018018022525
10.168163000000037,17204.30107526291
10.168386000000037,18018.018018022525
10.168628000000037,18433.179723490943
10.168830000000037,17241.379310311084
10.169062000000038,16806.722689047063
10.169294000000038,18018.018018022525
10.169538000000038,18181.818181845876
10.169738000000038,18518.518518519035
10.169978000000038,16666.666666680838
10.170170000000038,15065.913371034238
10.170458000000037,16427.10472280333
10.170701000000037,13913.043478271804
10.170945000000037,14787.430683963814
10.171276000000036,18648.018648076006
10.171486000000035,15122.873345929333
10.171705000000035,14869.888475820026
10.172015000000036,18018.018018022525
10.172243000000035,18518.518518519035
10.172459000000035,17353.579175720024
10.172675000000035,16293.279022395252
10.172920000000035,19184.652278151887
10.173166000000036,20460.358056241166
10.173337000000036,18348.623853187986
10.173557000000036,18475.750577399653
10.173773000000036,19950.12468827454
10.173990000000035,19753.08641972115
10.174174000000036,14981.273408238734
10.174395000000036,16877.63713078283
10.174708000000036,19753.08641972115
10.174869000000037,16427.10472280333
10.175113000000037,16949.15254242769
10.175356000000036,17699.115044277907
10.175585000000035,19656.01965597453
10.175808000000035,16528.925619829555
10.175992000000036,16427.10472280333
10.176292000000036,18264.84018261393
10.176479000000036,16913.319238854936
10.176730000000036,18957.345971547515
10.176952000000037,19370.460048426306
10.177152000000037,18957.345971547515
10.177365000000037,14466.54611211506
10.177574000000037,14285.714285711327
10.177918000000037,18779.3427230422
10.178134000000037,19002.37529694197
10.178344000000036,18390.80459772148
10.178555000000037,18604.651162803315
10.178779000000036,19559.90220043094
10.178985000000036,19801.980197951023
10.179188000000037,18735.362997650303
10.179389000000038,16260.162601642778
10.179615000000037,14519.056261349702
10.179881000000037,15414.258188806774
10.180166000000037,17021.276595745752
10.180400000000038,16161.616161648028
10.180636000000037,17543.85964913089
10.180895000000037,19512.195121929064
10.181092000000037,17278.617710587627
10.181305000000037,18691.58878507167
10.181555000000037,22408.96358547971
10.181733000000037,19093.07875899276
10.181912000000036,15037.593984969335
10.182152000000036,15904.57256460783
10.182444000000036,18604.651162803315
10.182655000000036,18867.924528352185
10.182874000000036,17505.470459555316
10.183079000000035,14814.814814839596
10.183331000000035,15936.254980107798
10.183619000000034,18433.179723490943
10.183833000000034,18223.23462414254
10.184053000000034,18604.651162803315
10.184272000000034,18912.529550844498
10.184483000000034,16913.319238918455
10.184695000000033,16597.51037344841
10.184956000000033,19277.108433722107
10.185177000000033,21563.342317987725
10.185371000000034,21505.376344058095
10.185548000000034,19656.019656060318
10.185743000000034,20512.820512849634
10.185955000000034,22598.870056513555
10.186133000000034,19464.720194660596
10.186309000000033,19184.652278151887
10.186544000000033,21739.1304347871
10.186726000000034,19656.019656060318
10.186912000000033,18140.58956914628
10.187133000000033,17897.091722547175
10.187353000000034,19464.720194576472
10.187580000000034,20202.02020200566
10.187764000000035,18223.23462414254
10.187976000000035,18390.80459764638
10.188203000000035,19464.720194576472
10.188411000000036,22284.122562591507
10.188614000000037,26402.640263973393
10.188770000000037,24844.72049684815
10.188917000000037,23323.61516029067
10.189092000000038,22408.96358536821
10.189260000000038,19370.460048426306
10.189449000000039,20618.556701075206
10.189673000000038,21505.376344058095
10.189837000000038,17057.569296349124
10.190045000000039,17543.85964913089
10.190306000000039,22598.870056513555
10.190501000000038,20942.408376957625
10.190660000000038,15779.092702147798
10.190883000000039,16260.16260158407
10.19116700000004,18648.018647998793
10.19137500000004,17897.091722618297
10.19159600000004,20100.502512624014
10.19182200000004,24539.87730065999
10.191994000000038,24844.72049684815
10.192148000000039,23054.755043250712
10.192316000000039,20000.000000046613
10.192495000000038,20100.5025125343
10.192716000000038,24615.384615374714
10.192893000000039,21447.72117963992
10.193041000000038,18604.651162803315
10.193266000000039,19559.902200515895
10.193471000000038,20942.408376957625
10.193675000000038,20253.16455700012
10.193853000000038,20833.33333340887
10.194070000000037,22222.222222295943
10.194237000000037,24390.243902464164
10.194430000000036,25559.105431291144
10.194565000000036,24922.118380095562
10.194743000000036,24169.184290089135
10.194886000000036,19464.720194660596
10.195074000000035,18475.750577399653
10.195297000000036,21390.374331608782
10.195507000000035,22922.636103156285
10.195671000000035,23323.61516029067
10.195856000000035,23323.61516029067
10.196014000000035,19138.75598087006
10.196199000000036,20460.358056241166
10.196432000000035,18604.65116272646
10.196590000000036,16985.13800421028
10.196862000000037,19704.433497541486
10.197061000000037,20100.502512624014
10.197268000000037,20408.163265320392
10.197459000000036,23738.8724035586
10.197660000000036,23391.812865507854
10.197796000000036,20304.5685279185
10.198002000000036,22988.50574719879
10.198190000000036,22284.12256270177
10.198350000000035,19370.460048426306
10.198549000000035,19900.49751247012
10.198763000000035,21333.333333332524
10.198951000000035,20050.125313292447
10.199138000000035,20512.820512849634
10.199350000000035,19656.019656060318
10.199528000000035,16494.84536084506
10.199757000000034,17505.47045948727
10.200013000000034,19002.375296861792
10.200214000000035,18181.818181772473
10.200434000000035,19138.75598087006
10.200654000000036,19464.720194660596
10.200852000000035,22988.505747081443
10.201065000000035,24999.999999974996
10.201200000000036,26058.63192187579
10.201385000000036,25723.472668814407
10.201507000000035,19559.90220043094
10.201696000000036,19607.843137245964
10.201916000000036,20151.133501282966
10.202104000000036,21621.62162160973
10.202313000000036,21390.374331507184
10.202474000000036,17977.5280898506
10.202687000000036,16260.16260158407
10.202919000000037,19230.76923070894
10.203179000000038,20725.38860100064
10.203335000000038,17130.62098499459
10.203565000000038,17316.017315993755
10.203802000000039,21917.808219154496
10.204027000000039,26755.85284280496
10.204167000000039,21052.63157895707
10.204326000000039,17977.52808992236
10.204547000000039,14814.814814839596
10.204771000000038,15414.258188806774
10.205087000000038,20942.408376957625
10.205290000000039,19184.65227823361
10.205469000000038,18099.547511328212
10.205707000000038,20779.220779240444
10.205911000000038,19950.12468827454
10.206092000000037,18433.179723490943
10.206312000000038,20779.220779240444
10.206526000000038,17204.30107526291
10.206697000000037,15094.339622656451
10.206991000000038,20000.000000046613
10.207227000000037,19559.902200515895
10.207391000000037,16806.72268910978
10.207636000000036,17316.017316060337
10.207867000000036,14492.75362321472
10.208098000000035,15267.17557250705
10.208419000000035,21220.1591511771
10.208622000000036,23460.410557266314
10.208796000000035,25396.82539692755
10.208963000000034,21505.376344160788
10.209111000000034,17316.017316060337
10.209335000000033,19370.460048426306
10.209573000000033,23054.755043250712
10.209748000000033,21220.159151277083
10.209920000000032,22727.272727307343
10.210125000000032,22792.02279200901
10.210272000000032,19607.843137245964
10.210476000000032,17582.41758239678
10.210680000000032,17505.47045948727
10.210931000000032,21333.333333332524
10.211137000000033,20671.834625327527
10.211306000000032,19753.08641972115
10.211524000000033,21505.376344058095
10.211711000000033,23598.82005897538
10.211896000000033,23598.82005897538
10.212050000000033,24316.109422441416
10.212235000000033,25974.025973990636
10.212379000000034,21447.72117963992
10.212543000000034,19323.671497619627
10.212752000000034,20618.556701075206
10.212957000000033,20779.220779240444
10.213140000000033,20833.333333312497
10.213342000000033,20460.358056241166
10.213524000000033,17857.142857125
10.213733000000033,17505.47045948727
10.213972000000034,18140.58956914628
10.214190000000034,18779.34272296389
10.214413000000034,21052.631578858654
10.214616000000035,23529.411764613204
10.214793000000036,19851.11662529169
10.214956000000036,18099.547511328212
10.215196000000036,18735.362997650303
10.215398000000036,18475.75057732386
10.215623000000036,18433.179723490943
10.215831000000037,18691.58878507167
10.216057000000037,22922.636103156285
10.216259000000036,23529.411764736135
10.216406000000037,21978.02197806033
10.216599000000036,23880.59701494304
10.216770000000036,21052.63157895707
10.216934000000036,18561.48491876179
10.217150000000036,20671.834625327527
10.217365000000036,21052.63157895707
10.217537000000036,20100.5025125343
10.217745000000036,21220.1591511771
10.217935000000036,21680.216802112092
10.218122000000037,20202.02020200566
10.218304000000037,18957.345971547515
10.218518000000037,17817.37193758063
10.218726000000038,18181.818181772473
10.218967000000038,19138.75598087006
10.219166000000039,17777.77777781921
10.219385000000038,16129.032258062827
10.219616000000038,17429.193899740465
10.219881000000038,17543.85964913089
10.220075000000039,15841.584158458334
10.220337000000038,16000.00000003729
10.220580000000037,17621.145374468342
10.220837000000037,19950.12468827454
10.221034000000037,19753.08641972115
10.221238000000037,19512.195121929064
10.221439000000037,22535.211267556668
10.221648000000037,21333.333333332524
10.221794000000038,19607.843137331332
10.222023000000037,20671.834625327527
10.222202000000037,18735.362997650303
10.222410000000037,17857.142857195802
10.222629000000037,17391.30434788005
10.222858000000036,15686.27450979677
10.223089000000035,16632.0166319952
10.223368000000036,19851.11662529169
10.223570000000036,18018.018018022525
10.223771000000037,18604.651162803315
10.224014000000036,22471.910112358102
10.224201000000036,20942.408376957625
10.224370000000036,18475.75057732386
10.224583000000036,18867.924528273135
10.224803000000037,20304.5685279185
10.225007000000037,19184.652278151887
10.225197000000037,19900.497512382186
10.225424000000038,21621.62162160973
10.225599000000038,19559.902200515895
10.225794000000038,15686.27450979677
10.226008000000038,15037.593984969335
10.226304000000038,16701.461377920637
10.226540000000037,17505.470459555316
10.226783000000037,19801.98019803809
10.226997000000036,16528.925619829555
10.227187000000036,15624.999999984373
10.227481000000036,18518.518518519035
10.227699000000037,14787.43068391526
10.227913000000036,11379.800853490307
10.228240000000037,12539.184953005884
10.228616000000036,18306.63615561484
10.228878000000035,18691.588784994095
10.229053000000036,17977.5280898506
10.229306000000037,13245.03311256223
10.229498000000037,12539.18495297097
10.229910000000038,18823.52941176924
10.230136000000037,18648.018647998793
10.230335000000037,14388.489208644562
10.230565000000038,14953.271028057337
10.230891000000037,13536.379018612333
10.231100000000037,13136.288998341834
10.231482000000037,15779.092702147798
10.231709000000038,16161.616161590031
10.231989000000038,14814.814814790861
10.232204000000038,13628.620102227442
10.232529000000039,16632.016632056624
10.232791000000038,19230.76923079106
10.233010000000037,18779.3427230422
10.233207000000037,16393.44262298664
10.233436000000037,18348.623853187986
10.233695000000036,19851.11662529169
10.233872000000037,18823.52941176924
10.234098000000037,16260.162601642778
10.234297000000037,11494.252873570058
10.234590000000036,10610.07957558855
10.234993000000037,9638.554216861054
10.235344000000037,10075.566750618942
10.235823000000037,11173.184357532458
10.236138000000038,10958.904109577248
10.236539000000038,14814.814814790861
10.236868000000038,14842.300556590535
10.237079000000039,13266.998341627206
10.237407000000038,13179.571663910756
10.237682000000039,14184.39716310359
10.238014000000039,12578.616352199657
10.23824600000004,12598.425196869182
10.238650000000039,13986.013986013571
10.238881000000038,11994.002998501232
10.239222000000039,9569.37799043503
10.239548000000038,11251.758087188555
10.240058000000039,16326.530612211924
10.240259000000039,13311.148086530666
10.24054800000004,14440.433213015227
10.240860000000039,12987.012986995318
10.241102000000039,10973.936899839735
10.24147600000004,10928.961748617978
10.24183100000004,9876.543209882233
10.24220800000004,8998.875140617249
10.24264100000004,10443.864229758352
10.24309700000004,11331.444759191012
10.244481000000041,13628.6201021862
10.244803000000042,11730.205278572052
10.245068000000042,9142.85714285061
10.245485000000043,9019.165727164886
10.245943000000043,10113.780025267593
10.246372000000044,12519.56181530926
10.246734000000044,14492.753623168082
10.247011000000045,18348.623853187986
10.247286000000045,23809.52380946853
10.247447000000045,22792.02279200901
10.247622000000046,22471.910112358102
10.247798000000046,17857.142857125
10.247978000000046,16194.33198381313
10.248246000000046,16096.579476883722
10.248472000000046,16427.10472280333
10.248743000000045,16460.905349779656
10.248959000000045,13888.888888874999
10.249229000000046,14897.57914340125
10.249535000000046,12422.360248458339
10.249766000000045,12403.10077518513
10.250179000000045,17857.142857125
10.250411000000046,16877.63713078283
10.250627000000046,14625.228519169854
10.250885000000046,11577.424023158615
10.251174000000047,11188.811188817806
10.251576000000046,14760.147601493
10.251889000000046,17977.52808992236
10.252118000000046,18433.179723490943
10.252334000000046,16563.146997898766
10.252552000000046,17505.47045948727
10.252817000000046,17130.62098499459
10.253009000000047,16064.257028101756
10.253284000000047,17543.85964913089
10.253507000000047,18823.52941176924
10.253740000000047,15414.258188806774
10.253932000000047,14981.273408238734
10.254259000000047,17897.091722618297
10.254466000000047,15503.875969013437
10.254706000000047,15904.57256460783
10.254982000000046,17429.193899740465
10.255209000000047,18099.547511328212
10.255441000000047,18348.623853262743
10.255651000000046,16359.91820041028
10.255877000000046,16949.152542363903
10.256140000000046,22222.22222218629
10.256349000000046,20356.234096653065
10.256500000000047,16842.105263165653
10.256742000000047,15594.541910338568
10.256975000000047,15904.57256460783
10.257255000000047,18181.818181845876
10.257478000000047,16597.51037344841
10.257695000000046,15444.015443975173
10.257960000000047,18058.69074489501
10.258213000000048,20202.02020200566
10.258403000000047,17278.617710587627
10.258609000000048,18099.547511328212
10.258866000000047,22471.910112358102
10.259051000000047,21333.333333332524
10.259222000000047,19047.619047615102
10.259426000000047,20253.16455700012
10.259642000000047,21739.1304347871
10.259821000000047,21447.72117953778
10.260010000000047,21505.376344058095
10.260194000000048,19801.98019803809
10.260382000000048,17353.579175720024
10.260598000000048,17621.145374468342
10.260843000000047,19512.195121929064
10.261052000000047,18867.924528273135
10.261253000000048,17937.21973093493
10.261476000000048,17094.017094028386
10.261699000000048,18735.362997650303
10.261944000000048,19230.76923070894
10.262126000000048,15748.031496064452
10.262360000000049,16494.84536084506
10.262634000000048,20100.5025125343
10.262845000000048,20304.5685279185
10.263032000000049,16842.105263165653
10.263239000000048,17777.777777749034
10.263507000000049,17660.04415010029
10.26368900000005,13986.013986013571
10.263960000000049,14787.43068391526
10.26426100000005,19093.07875899276
10.264501000000049,20408.163265320392
10.264680000000048,18475.75057732386
10.264893000000049,17777.777777749034
10.26511300000005,18058.69074489501
10.26534300000005,18140.58956914628
10.26555600000005,17094.017094028386
10.26578400000005,16985.13800427434
10.26602400000005,17204.30107526291
10.266255000000049,17977.5280898506
10.26648900000005,18264.84018261393
10.26670000000005,16528.925619829555
10.26692700000005,13468.013468023913
10.26718400000005,15009.380863017355
10.26752100000005,20356.234096653065
10.26771700000005,20151.133501282966
10.26791400000005,18475.750577399653
10.26811400000005,17021.276595745752
10.26834700000005,17543.85964913089
10.26858400000005,16632.016632056624
10.26880300000005,16326.53061227111
10.26906500000005,18264.840182688007
10.269293000000049,17582.417582465423
10.269503000000048,18223.23462414254
10.269748000000048,18475.75057732386
10.269942000000048,17353.579175653154
10.270181000000049,17660.04415010029
10.27040300000005,18390.80459772148
10.27063400000005,18181.818181845876
10.27083800000005,18018.018018022525
10.271074000000048,19230.76923070894
10.271282000000049,20565.552699218497
10.27149000000005,19851.11662529169
10.27167100000005,19230.76923070894
10.27189300000005,19950.12468827454
10.27208700000005,21220.1591511771
10.27229400000005,19950.12468827454
10.27246400000005,19801.98019803809
10.27269500000005,17937.21973093493
10.27286800000005,12012.012011998997
10.27314100000005,12618.296529937053
10.273534000000051,18140.58956914628
10.273775000000052,20151.133501282966
10.273975000000052,19704.433497541486
10.274172000000052,21164.02116404662
10.274381000000052,23391.812865507854
10.274550000000051,19656.01965597453
10.274723000000051,20460.358056241166
10.274957000000052,20618.556701075206
10.275114000000052,17738.359201774656
10.275345000000051,18348.623853187986
10.275565000000052,17738.359201774656
10.275781000000052,19417.475728120222
10.276016000000052,23188.40579702416
10.276193000000053,22346.368715064917
10.276361000000053,20408.163265320392
10.276551000000053,19512.195121929064
10.276753000000053,20253.16455690904
10.276961000000053,22471.910112358102
10.277148000000054,20887.728459565144
10.277317000000053,22598.870056513555
10.277531000000053,23809.52380946853
10.277671000000053,19801.980197951023
10.277867000000054,20779.220779144573
10.278075000000054,19801.980197951023
10.278252000000055,20725.38860100064
10.278479000000056,20356.234096653065
10.278638000000056,17621.1453743994
10.278872000000057,18348.623853187986
10.279092000000057,18390.80459772148
10.279308000000057,19607.843137245964
10.279527000000057,19999.999999957792
10.279716000000057,14897.57914340125
10.279927000000058,14678.899082598233
10.280253000000057,16949.152542363903
10.280472000000056,16701.4613778587
10.280725000000057,18390.80459772148
10.280951000000057,20050.125313292447
10.281160000000057,22857.142857196126
10.281350000000057,23121.387283328866
10.281510000000056,19607.843137245964
10.281696000000055,20151.133501192802
10.281918000000056,23255.813953480127
10.282093000000057,22222.222222295943
10.282262000000056,22471.910112358102
10.282453000000055,20725.38860100064
10.282618000000056,14519.056261349702
10.282839000000056,14842.300556590535
10.283169000000056,23121.387283210162
10.283378000000056,24390.243902464164
10.283515000000056,21164.02116404662
10.283706000000056,20565.552699218497
10.283893000000056,19323.671497619627
10.284095000000056,21447.72117963992
10.284307000000055,23598.82005897538
10.284468000000055,23391.812865507854
10.284646000000055,22727.272727307343
10.284810000000055,21798.365122681378
10.284998000000055,21052.63157895707
10.285177000000054,21978.021977953074
10.285378000000055,25806.45161284507
10.285541000000055,25806.45161284507
10.285688000000055,23668.639053180235
10.285851000000056,20565.552699218497
10.286026000000057,19093.07875899276
10.286240000000056,19230.76923079106
10.286445000000056,19047.619047615102
10.286656000000056,19801.98019803809
10.286865000000056,20887.728459565144
10.287060000000055,21276.595744722395
10.287248000000055,21052.63157895707
10.287436000000055,21505.376344058095
10.287628000000055,21505.376344058095
10.287808000000055,19704.433497541486
10.288000000000055,19184.652278151887
10.288214000000055,18823.52941169056
10.288417000000056,18957.345971547515
10.288639000000057,20202.02020200566
10.288839000000056,20887.728459468268
10.289035000000057,19138.75598087006
10.289222000000057,17699.115044277907
10.289453000000057,18648.018647998793
10.289674000000057,18957.345971547515
10.289882000000057,20304.5685279185
10.290096000000057,20618.556700980807
10.290276000000057,18691.588784994095
10.290484000000058,18648.018647998793
10.290704000000058,20460.358056241166
10.290913000000058,25641.025640945252
10.291095000000059,21917.808219154496
10.29122500000006,19656.019656060318
10.29146000000006,19607.843137331332
10.291632000000059,19093.07875899276
10.291868000000058,20725.38860100064
10.292051000000058,19417.475728120222
10.292254000000058,16842.105263165653
10.292463000000058,19559.902200515895
10.292729000000058,25559.105431291144
10.292872000000058,20512.820512756203
10.293042000000058,17167.381974205175
10.293262000000059,18264.84018261393
10.29350800000006,17937.21973093493
10.29370000000006,16985.13800427434
10.29395400000006,20725.388601096016
10.294171000000059,20512.820512849634
10.294340000000059,18779.3427230422
10.294561000000058,22284.12256270177
10.294766000000058,21563.34231809097
10.294920000000058,17977.52808992236
10.295137000000057,21447.72117963992
10.295365000000057,21857.923497288997
10.295510000000057,18306.63615561484
10.295731000000057,18691.58878507167
10.295947000000057,20202.02020200566
10.296159000000056,21220.1591511771
10.296343000000057,22598.870056513555
10.296536000000057,22160.664819954807
10.296697000000057,16877.637130846084
10.296897000000056,16771.488469599542
10.297171000000056,21447.72117953778
10.297374000000056,20460.358056241166
10.297544000000057,18306.63615561484
10.297765000000057,18306.63615561484
10.297981000000057,21739.1304347871
10.298202000000057,22727.272727307343
10.298349000000057,19559.902200515895
10.298554000000056,21220.1591511771
10.298758000000056,21333.333333332524
10.298931000000056,24390.243902464164
10.299133000000056,23738.8724035586
10.299259000000056,19656.01965597453
10.299470000000056,19002.375296861792
10.299666000000057,19607.843137245964
10.299891000000057,20671.834625327527
10.300074000000057,21164.02116404662
10.300278000000057,22922.636103156285
10.300452000000057,22922.636103156285
10.300627000000057,21164.02116404662
10.300801000000057,19093.078758911815
10.301005000000057,18735.362997650303
10.301220000000058,18779.3427230422
10.301432000000057,18518.518518519035
10.301646000000057,16528.925619829555
10.301864000000057,16736.401673664244
10.302130000000057,18140.58956921935
10.302342000000056,17897.091722618297
10.302571000000055,16913.319238918455
10.302789000000056,17391.30434788005
10.303044000000055,19323.671497619627
10.303249000000054,21164.02116404662
10.303458000000054,21276.595744722395
10.303627000000054,19138.75598087006
10.303834000000053,20304.5685279185
10.304045000000054,20833.333333312497
10.304228000000053,17738.359201774656
10.304429000000054,17857.142857195802
10.304679000000053,19464.720194660596
10.304877000000053,18390.80459764638
10.305090000000053,19138.75598078873
10.305312000000054,18735.362997650303
10.305508000000055,17738.359201774656
10.305739000000054,19002.375296861792
10.305959000000055,19900.497512382186
10.306160000000055,17094.017094028386
10.306361000000056,18561.484918838294
10.306628000000055,21621.62162160973
10.306792000000055,17021.276595745752
10.306998000000055,17316.017316060337
10.307262000000055,18691.58878507167
10.307460000000054,17094.017094028386
10.307690000000054,18912.529550844498
10.307928000000054,23738.8724035586
10.308113000000054,23880.59701494304
10.308265000000054,19607.843137245964
10.308448000000054,20779.220779240444
10.308673000000054,21917.808219261166
10.308833000000053,19559.902200515895
10.309038000000053,19417.475728120222
10.309242000000053,19512.195121929064
10.309450000000053,19950.12468827454
10.309652000000053,20356.234096653065
10.309851000000053,20833.333333312497
10.310045000000054,22038.567493106075
10.310235000000054,21978.02197806033
10.310408000000054,21390.374331608782
10.310599000000053,21798.36512257587
10.310782000000053,20100.5025125343
10.310966000000054,18604.651162803315
10.311180000000054,18018.018018022525
10.311396000000054,17977.52808992236
10.311624000000053,15209.125475316509
10.311841000000053,15936.254980107798
10.312150000000052,17316.017316060337
10.312343000000052,15009.380863067378
10.312612000000051,15180.265654650564
10.31287600000005,16359.91820041028
10.313139000000051,16597.51037344841
10.31336500000005,19704.433497541486
10.313621000000051,24539.87730065999
10.31377100000005,19047.619047615102
10.31394700000005,17204.30107526291
10.31419100000005,17316.017315993755
10.31441200000005,18348.623853187986
10.314653000000051,16597.51037344841
10.314848000000051,16842.105263165653
10.315135000000051,20565.552699218497
10.31532300000005,19230.76923070894
10.315524000000051,19753.08641972115
10.315739000000052,20304.5685279185
10.315929000000052,18390.80459772148
10.316133000000052,17660.04415010029
10.316364000000052,16161.616161590031
10.316586000000052,12066.365007552142
10.316859000000052,13816.92573402162
10.317249000000052,20512.820512756203
10.317438000000053,21739.1304347871
10.317639000000053,21857.923497288997
10.317806000000052,14466.54611211506
10.318005000000053,14440.433213015227
10.318359000000052,19950.12468827454
10.318559000000052,19559.90220043094
10.318760000000053,17057.569296349124
10.318968000000053,14705.882352950479
10.319229000000053,15267.17557250705
10.319512000000053,17777.777777749034
10.319753000000054,18735.362997650303
10.319962000000054,18779.34272296389
10.320180000000054,17897.091722547175
10.320388000000055,14234.87544482984
10.320627000000055,11782.032400591286
10.320950000000055,12678.288431056377
10.321306000000055,16913.319238918455
10.321581000000055,17429.193899807917
10.321779000000054,14159.292035400067
10.322040000000055,10484.927916131832
10.322344000000054,10471.204188478812
10.322803000000054,14625.228519169854
10.323108000000055,15936.254980051408
10.323350000000055,16227.180527366225
10.323610000000055,22662.889518382024
10.323843000000055,16913.319238854936
10.323963000000056,13201.320131986697
10.324316000000056,17094.017093963503
10.324569000000057,17278.617710587627
10.324784000000058,10430.247718386845
10.325032000000057,10416.666666656249
10.325551000000058,17167.381974270615
10.325800000000058,15094.339622656451
10.326017000000057,18518.518518519035
10.326330000000057,24390.243902464164
10.326449000000057,14336.917562728218
10.326658000000057,12598.425196869182
10.327007000000057,14260.249554383277
10.327293000000056,16701.4613778587
10.327568000000056,15009.380863017355
10.327772000000056,10914.051841741531
10.328101000000057,11695.906432753927
10.328505000000057,16528.925619829555
10.328785000000057,16806.722689047063
10.328989000000057,14814.814814790861
10.329261000000058,16096.579476883722
10.329529000000058,17699.115044277907
10.329758000000057,14625.228519169854
10.329981000000057,12738.853503169721
10.330305000000058,11126.564673155055
10.330609000000058,10825.43978347428
10.331024000000058,11188.811188790009
10.331348000000059,13840.8304498065
10.33173900000006,25974.025973990636
10.33192600000006,20887.728459565144
10.33204700000006,12841.091492794365
10.332309000000059,12480.499219970909
10.332670000000059,14705.882352950479
10.332950000000059,19184.65227823361
10.333214000000059,25806.451612992943
10.333367000000058,15999.999999980446
10.333524000000057,14388.489208598592
10.333867000000058,19950.12468827454
10.334080000000059,19002.37529694197
10.334268000000058,13050.570962489603
10.334501000000058,15094.339622656451
10.334881000000058,30303.03030307646
10.335031000000058,28571.428571422653
10.335145000000058,20512.820512849634
10.335311000000058,18648.018648076006
10.335535000000057,18223.23462414254
10.335740000000056,20565.552699218497
10.335974000000057,32258.064516241182
10.336129000000057,29739.776951738244
10.336222000000056,20725.388601096016
10.336398000000056,20671.834625327527
10.336608000000055,19093.078758911815
10.336785000000056,17937.21973093493
10.337027000000056,16129.032258062827
10.337231000000056,19801.98019803809
10.337523000000056,31128.404669320338
10.337635000000056,24024.024024062073
10.337780000000055,24242.424242428544
10.337968000000055,22346.368715064917
10.338110000000055,20779.220779240444
10.338326000000055,20565.552699218497
10.338495000000055,17660.04415010029
10.338715000000056,19093.07875899276
10.338948000000055,20833.33333340887
10.339134000000055,24691.358024759735
10.339332000000054,29090.909090882935
10.339458000000054,24539.877300526274
10.339607000000054,24691.358024624362
10.339784000000055,24615.384615374714
10.339931000000055,25723.472668814407
10.340109000000055,38095.23809539133
10.340242000000055,47337.27810660925
10.340319000000054,32921.81069943898
10.340411000000055,29304.02930403277
10.340562000000055,24691.358024759735
10.340684000000055,19184.652278151887
10.340886000000054,18264.84018261393
10.341101000000055,20100.5025125343
10.341324000000055,20618.556700980807
10.341499000000056,28070.175438609425
10.341712000000056,37558.685446241005
10.341784000000056,34934.497816724084
10.341925000000055,32653.06122454222
10.342013000000055,22792.02279200901
10.342170000000054,30188.679245211722
10.342364000000055,40816.32653045582
10.342435000000055,30188.679245211722
10.342560000000056,21052.63157895707
10.342700000000056,17582.41758239678
10.342940000000056,26402.640263973393
10.343155000000056,29411.76470580492
10.343243000000056,22284.122562591507
10.343427000000057,23188.40579702416
10.343602000000057,28268.55123661272
10.343772000000058,24242.424242428544
10.343885000000059,19230.76923079106
10.344102000000058,18561.48491876179
10.344301000000058,22535.211267556668
10.344533000000059,28673.835125365153
10.34465600000006,24096.385542152635
10.34481200000006,25157.232704399314
10.34498800000006,22346.368715064917
10.34513000000006,18306.63615561484
10.34534600000006,22471.910112358102
10.34556700000006,24767.80185759655
10.34570200000006,17660.04415010029
10.34589000000006,18691.588784994095
10.34615500000006,21798.36512257587
10.34631800000006,17738.359201774656
10.34652200000006,23323.61516041146
10.34676900000006,41450.77720219203
10.34686500000006,29520.295202986
10.34696200000006,27874.564459915917
10.34713600000006,32388.66396762626
10.34724900000006,25641.02564109124
10.34738300000006,18779.3427230422
10.34756100000006,19559.902200515895
10.347809000000058,19607.843137245964
10.347970000000059,21621.62162160973
10.348217000000059,26315.789473696335
10.348340000000059,19656.019656060318
10.348521000000058,18099.547511328212
10.348747000000058,17777.777777749034
10.348963000000058,17582.41758239678
10.349197000000059,18264.840182688007
10.349418000000059,20304.5685279185
10.349635000000058,14010.507880891904
10.349812000000059,12422.360248458339
10.350206000000059,16161.616161648028
10.350456000000058,22598.870056513555
10.350701000000058,26666.666666728815
10.350810000000058,22284.12256270177
10.351001000000057,19950.12468827454
10.351169000000057,17316.017316060337
10.351402000000057,17057.569296413727
10.351631000000056,16771.488469599542
10.351871000000056,24390.243902464164
10.352108000000056,35555.555555778774
10.352199000000056,29520.295202986
10.352333000000055,26315.789473696335
10.352470000000055,24316.109422572703
10.352637000000055,27397.260273976455
10.352799000000054,25477.707006267377
10.352929000000055,22160.664819845762
10.353113000000056,18912.529550765074
10.353290000000056,16563.146997898766
10.353536000000057,18264.84018261393
10.353773000000057,20512.820512756203
10.353974000000058,18604.65116272646
10.354163000000058,19370.460048426306
10.35440400000006,21563.34231809097
10.354576000000058,20887.728459468268
10.354775000000059,19512.195121929064
10.35495900000006,19002.37529694197
10.35518500000006,18099.547511328212
10.355380000000059,16528.925619829555
10.355627000000059,16842.105263165653
10.355864000000059,19417.475728203943
10.356102000000059,20512.820512849634
10.356276000000058,17278.617710587627
10.356492000000058,20779.220779240444
10.356739000000058,20887.728459565144
10.356877000000058,16326.53061227111
10.357122000000057,19607.843137245964
10.357367000000057,25559.105431291144
10.357530000000057,20565.552699218497
10.357680000000057,20512.820512756203
10.357919000000058,21052.63157895707
10.358070000000058,16393.44262298664
10.358299000000057,17204.30107526291
10.358558000000057,22099.447513759555
10.358764000000058,21276.595744621878
10.358920000000058,20253.16455690904
10.359140000000059,27210.884353719423
10.35931500000006,24464.831804250647
10.359434000000059,19002.375296861792
10.35964200000006,20779.220779240444
10.35985500000006,22038.56749321392
10.36002700000006,24615.384615509254
10.360218000000058,25889.967637568046
10.360352000000058,25641.025640945252
10.360527000000058,25723.472668814407
10.360664000000058,24922.118380095562
10.360838000000058,20408.163265320392
10.360985000000058,18475.750577399653
10.361230000000058,18181.818181845876
10.361418000000057,18140.58956914628
10.361670000000057,21447.72117953778
10.361859000000058,19801.980197951023
10.362043000000059,21164.02116394716
10.362263000000059,21333.333333332524
10.36242100000006,22535.21126766943
10.362638000000059,23598.82005897538
10.362776000000059,23255.813953480127
10.36297700000006,27491.408934808893
10.363120000000059,27491.408934808893
10.363268000000058,28268.551236790157
10.363411000000058,27397.260273976455
10.363551000000058,21333.333333332524
10.363703000000058,17937.21973093493
10.363926000000058,16293.279022395252
10.364149000000058,19138.75598087006
10.364417000000058,23188.405797143554
10.364567000000058,18348.623853187986
10.364762000000058,17429.193899740465
10.365003000000058,18604.651162803315
10.365221000000059,20512.820512849634
10.365433000000058,20100.5025125343
10.365611000000058,18561.48491876179
10.365831000000059,20565.552699218497
10.366042000000059,22598.870056513555
10.366220000000059,24464.831804250647
10.366396000000059,20151.133501192802
10.36654700000006,17582.41758239678
10.36679300000006,21276.595744722395
10.36700200000006,21220.159151277083
10.36716900000006,24096.38554228156
10.367379000000058,24390.243902464164
10.367501000000058,18433.179723490943
10.367707000000058,22662.889518382024
10.367935000000058,23323.61516029067
10.368060000000058,16359.91820041028
10.368278000000059,18518.518518519035
10.368549000000058,32128.514056203512
10.368710000000059,23880.59701494304
10.368798000000059,19851.11662529169
10.369045000000058,27874.564459915917
10.369201000000059,28571.428571422653
10.369332000000059,27681.660899613
10.369481000000059,25889.967637568046
10.369621000000059,28880.866425937853
10.369790000000059,24615.384615374714
10.36989800000006,18867.924528352185
10.370115000000059,21563.34231809097
10.370322000000058,24539.87730065999
10.370486000000058,28673.835125547717
10.370648000000058,31007.75193813362
10.370765000000057,24242.424242428544
10.370906000000057,20942.408376957625
10.371095000000057,21220.1591511771
10.371288000000057,21857.92349718291
10.371472000000058,18518.518518519035
10.371654000000058,17582.417582465423
10.371904000000058,18058.690744967425
10.372109000000057,16293.279022395252
10.372347000000056,18912.529550765074
10.372600000000057,23529.411764613204
10.372770000000058,22222.22222218629
10.372940000000058,22988.505747081443
10.373130000000058,21978.021977953074
10.37328800000006,18648.018647998793
10.37349400000006,19002.37529694197
10.37371700000006,19002.37529694197
10.373915000000059,18058.69074489501
10.374138000000059,17777.777777749034
10.37435800000006,20100.5025125343
10.37458800000006,21917.808219154496
10.37475600000006,21563.34231809097
10.37495300000006,20725.388601096016
10.37512700000006,19184.65227823361
10.375339000000059,20725.388601096016
10.375544000000058,20356.234096745073
10.375725000000058,22535.21126766943
10.375937000000057,23809.523809594404
10.376080000000057,19277.108433722107
10.376273000000056,20356.234096653065
10.376495000000057,20050.125313292447
10.376666000000057,18823.52941176924
10.376894000000057,21052.63157895707
10.377091000000057,21505.376344058095
10.377274000000057,23255.813953480127
10.377463000000057,22988.50574719879
10.377618000000057,22727.272727307343
10.377811000000056,21052.63157895707
10.377970000000056,23598.82005897538
10.378191000000056,29520.295202986
10.378309000000057,23809.523809594404
10.378462000000056,22038.567493106075
10.378645000000056,21563.34231809097
10.378825000000056,22988.50574719879
10.379016000000055,23809.523809594404
10.379173000000055,21857.923497288997
10.379352000000054,22099.447513759555
10.379539000000054,19900.497512382186
10.379714000000055,16260.16260158407
10.379941000000056,16842.105263165653
10.380206000000056,18223.23462421628
10.380416000000055,22727.272727307343
10.380645000000055,27491.408934641076
10.380768000000055,22662.889518382024
10.380936000000055,20618.556700980807
10.381121000000055,18779.34272296389
10.381324000000056,22346.368715064917
10.381547000000056,23460.410557144103
10.381682000000056,19002.375296861792
10.381888000000057,21276.595744621878
10.382103000000058,24767.80185759655
10.382264000000058,19753.086419807787
10.382426000000057,18823.52941176924
10.382669000000057,20833.333333312497
10.382851000000057,19002.37529694197
10.383053000000057,19512.195122013603
10.383272000000057,21108.179419592067
10.383463000000056,17977.52808992236
10.383651000000055,16877.637130846084
10.383908000000055,22284.12256270177
10.384125000000054,25157.232704399314
10.384267000000055,21505.376344058095
10.384443000000054,18604.65116272646
10.384639000000055,20460.358056241166
10.384873000000056,36036.03603618922
10.385030000000055,50314.46540879863
10.385095000000055,26936.026935886723
10.385189000000056,21220.1591511771
10.385392000000056,20725.388601096016
10.385566000000056,21390.374331608782
10.385778000000055,23121.387283210162
10.385940000000055,24464.831804250647
10.386124000000056,28985.50724642944
10.386267000000055,33195.020746774484
10.386400000000055,27027.027026979722
10.386508000000056,19002.37529694197
10.386696000000056,17897.091722618297
10.386929000000055,18735.362997650303
10.387143000000055,20356.234096653065
10.387356000000056,21621.62162160973
10.387536000000056,20304.5685279185
10.387726000000056,20671.834625327527
10.387930000000056,19704.433497541486
10.388113000000056,18867.924528273135
10.388336000000056,19704.433497541486
10.388537000000056,18823.52941176924
10.388742000000056,18604.651162803315
10.388962000000056,20100.502512624014
10.389172000000055,22408.96358547971
10.389360000000055,20356.234096745073
10.389529000000055,18140.58956921935
10.389753000000054,19464.720194660596
10.389970000000053,19370.460048426306
10.390164000000054,17857.142857195802
10.390383000000053,18140.58956921935
10.390612000000052,18181.818181845876
10.390824000000052,18264.840182688007
10.391052000000052,19704.433497541486
10.39126200000005,19656.01965597453
10.391458000000052,20304.5685279185
10.391669000000052,21739.1304347871
10.391852000000052,23952.095808347338
10.392037000000052,22727.272727192652
10.392186000000052,19950.12468827454
10.392389000000053,18433.17972356639
10.392587000000052,20618.556701075206
10.392823000000051,22222.22222218629
10.392975000000051,21978.021977953074
10.393183000000052,20779.220779240444
10.393339000000053,18018.018018022525
10.393568000000052,20565.552699218497
10.393783000000052,17391.30434788005
10.393957000000052,16227.180527424694
10.394243000000051,19464.720194660596
10.39445000000005,21680.216802112092
10.39465400000005,20779.220779144573
10.394819000000052,18264.84018261393
10.395039000000052,18823.52941176924
10.395257000000052,21798.365122681378
10.395464000000052,21917.808219261166
10.395624000000051,16701.461377920637
10.39582900000005,15325.670498132526
10.39610300000005,17817.371937651118
10.396351000000049,20050.125313292447
10.39655200000005,20671.834625327527
10.396750000000049,19323.671497536714
10.39693900000005,16701.4613778587
10.39716400000005,16494.84536084506
10.39741800000005,17699.115044277907
10.39764900000005,19464.720194660596
10.397870000000049,15936.254980107798
10.398060000000049,13377.926421442218
10.398372000000048,14571.948998192665
10.398658000000047,16359.91820041028
10.398921000000048,16632.016632056624
10.399147000000047,17621.145374468342
10.399402000000046,19184.652278151887
10.399601000000047,18735.362997650303
10.399819000000047,18648.018647998793
10.400028000000047,19370.460048426306
10.400248000000047,20253.16455700012
10.400441000000047,22038.567493106075
10.400643000000047,20304.5685279185
10.400804000000047,15686.27450979677
10.401037000000047,16949.152542363903
10.401314000000047,18779.3427230422
10.401509000000047,17582.417582465423
10.401740000000046,16227.180527424694
10.401964000000046,15267.175572558806
10.402233000000045,15779.092702203083
10.402488000000044,17130.62098499459
10.402740000000044,18433.179723490943
10.402955000000045,19417.475728203943
10.403174000000044,19656.019656060318
10.403367000000044,20671.834625327527
10.403581000000043,20304.5685279185
10.403754000000044,19607.843137245964
10.403975000000043,23809.52380946853
10.404162000000044,22099.447513759555
10.404311000000044,20997.375328036986
10.404524000000045,25641.025640945252
10.404692000000045,22408.96358536821
10.404836000000046,21220.1591511771
10.405049000000046,22988.505747081443
10.405213000000046,21739.130434682167
10.405397000000047,20671.83462523264
10.405581000000048,18691.588784994095
10.405784000000049,18018.018018022525
10.406009000000049,19093.07875899276
10.406228000000048,20000.000000046613
10.406428000000048,19900.49751247012
10.406628000000048,17977.52808992236
10.406830000000047,16194.33198381313
10.407073000000047,17353.579175720024
10.407324000000047,17391.30434788005
10.407534000000046,12820.512820509122
10.407784000000046,13377.92642140248
10.408158000000046,12718.60095389526
10.408382000000046,12195.12195119906
10.408787000000046,13698.630136988228
10.409038000000047,13136.288998380149
10.409371000000046,15037.593984969335
10.409647000000046,16326.530612211924
10.409903000000046,14035.087719260973
10.410137000000047,15180.265654650564
10.410473000000048,16227.180527424694
10.410664000000047,15238.095238104972
10.410966000000046,18433.179723490943
10.411189000000046,16096.579476883722
10.411400000000047,15009.380863067378
10.411686000000046,17353.579175720024
10.411933000000046,16260.162601642778
10.412147000000045,15009.380863067378
10.412425000000045,15533.980582522969
10.412680000000044,16771.488469599542
10.412940000000045,13816.92573402162
10.413157000000044,14035.087719260973
10.413519000000045,12251.14854518
10.413727000000046,11577.424023158615
10.414172000000045,13605.442176859711
10.414418000000046,15009.380863067378
10.414760000000046,17777.77777781921
10.414951000000045,15094.339622656451
10.415210000000044,13536.379018612333
10.415481000000044,12176.560121759083
10.415801000000044,11730.205278602603
10.416138000000045,14598.540145979674
10.416483000000044,17204.30107526291
10.416686000000045,15936.254980107798
10.416948000000044,13888.888888874999
10.417188000000044,12066.365007519813
10.417524000000045,12658.227848075265
10.417851000000045,13445.378151247685
10.418156000000046,11678.832116806454
10.418446000000046,9070.294784591408
10.418841000000045,10928.961748644499
10.419328000000045,15625.000000038584
10.419573000000044,14760.147601493
10.419840000000043,15564.20233460638
10.420115000000044,13793.103448248867
10.420354000000044,12084.59214501214
10.420695000000045,15444.015444028135
10.421016000000044,20779.220779240444
10.421213000000044,19704.433497541486
10.421401000000044,16326.530612211924
10.421619000000044,13986.013986013571
10.421891000000045,13605.442176900813
10.422191000000044,12269.938650329996
10.422479000000044,12030.075187975468
10.422843000000043,14598.540145979674
10.423144000000043,13888.888888874999
10.423391000000043,12678.288431056377
10.423720000000044,10652.463382167336
10.424022000000043,11577.424023158615
10.424471000000043,15686.27450979677
10.424713000000043,13400.3350083562
10.424981000000043,10430.247718362689
10.425310000000044,11188.811188790009
10.425748000000045,13698.630136988228
10.426025000000045,9828.009828008711
10.426332000000045,8537.8868729952
10.426839000000045,10989.010989003351
10.427269000000045,8781.55872667082
10.429422000000045,11594.202898541927
10.429747000000045,10512.483574235051
10.430112000000046,11904.761904765734
10.430508000000046,8088.978766440582
10.431497000000045,10484.927916107421
10.431826000000045,10075.566750618942
10.432260000000046,8938.547486034837
10.432620000000046,9280.74245940002
10.434678000000046,16701.4613778587
10.434835000000046,12084.59214501214
10.435157000000046,8629.989212522683
10.436084000000045,11267.605633806525
10.436558000000046,13864.818024267573
10.436794000000045,12618.296529972407
10.437135000000046,12102.874432693608
10.437428000000045,10113.780025290305
10.437796000000045,9174.311926612683
10.438219000000045,10884.353741514074
10.438668000000044,12403.100775219289
10.438954000000043,11019.283746553037
10.439313000000043,12698.412698392167
10.439680000000044,11080.332409977404
10.439943000000044,11544.011544010633
10.440402000000043,14134.275618350719
10.440636000000044,16985.13800421028
10.440968000000044,24464.831804250647
10.441107000000045,18018.018018022525
10.441295000000045,16632.0166319952
10.441551000000045,13722.126929658416
10.441776000000045,11627.906976740063
10.442134000000046,10484.927916131832
10.442464000000045,11510.79136693036
10.442897000000045,14109.347442675644
10.443159000000044,13157.894736809725
10.443464000000045,8714.596949887095
10.447370000000046,11782.032400591286
10.448049000000045,8368.200836832122
10.448812000000045,8000.000000004434
10.450744000000045,10217.113665386914
10.451171000000045,8978.675645349274
10.452062000000044,9467.455621301948
10.453706000000045,10296.010295995218
10.454251000000045,17353.579175720024
10.454483000000046,20725.388601096016
10.454712000000045,23054.755043250712
10.454869000000045,14842.300556590535
10.455059000000045,15065.913370983837
10.455408000000045,10335.917312663763
10.455590000000045,8800.880088008329
10.456182000000044,9324.009323999397
10.456499000000045,9080.590238368713
10.458746000000044,11283.497884364224
10.459143000000044,10230.17902814382
10.459455000000043,8072.653884957739
10.459925000000043,8080.8080807950155
10.460446000000044,9302.325581382443
10.460915000000044,11764.705882337334
10.461306000000045,17316.017315993755
10.461595000000045,14953.271028007688
10.461768000000045,8998.875140599268
10.462130000000046,9259.259259259517
10.462657000000046,12288.786482344061
10.462994000000046,10624.169986726001
10.468037000000045,10075.566750618942
10.470769000000045,8771.929824565445
10.483841000000043,28268.551236790157
10.484010000000042,38277.51196174012
10.484124000000042,32520.32520316814
10.487235000000043,11126.564673155055
10.487722000000042,13490.725126469002
10.487954000000043,10204.081632660196
10.523652000000048,8849.557522121564
10.525150000000048,11428.571428569063
10.525700000000048,22408.96358547971
10.525850000000048,18779.3427230422
10.526057000000048,20000.000000046613
10.526276000000047,23738.8724035586
10.526457000000047,29629.629629581723
10.526613000000047,31872.509960102816
10.526727000000047,29304.02930403277
10.526864000000048,24922.118380095562
10.527000000000047,24844.72049684815
10.527185000000047,31620.5533595932
10.527322000000048,34632.034632120674
10.527438000000048,28673.835125547717
10.527553000000047,31249.999999968746
10.527717000000047,34632.03463185435
10.527809000000047,26402.640263973393
10.527948000000048,17241.379310377088
10.528112000000048,15968.063872259867
10.528412000000047,12987.012986995318
10.54685400000005,8359.456635306222
10.562259000000052,10403.120936280618
10.562652000000053,8171.6036772285415
10.564933000000053,9070.294784591408
10.585592000000053,10973.936899866474
10.588608000000054,10568.031704093455
10.594623000000054,9661.835748789086
10.595224000000053,18475.75057732386
10.599249000000054,10989.010989003351
10.599693000000054,16949.152542363903
10.599977000000054,23460.410557266314
10.600165000000054,19370.460048426306
10.600318000000053,8658.008657996877
10.601735000000055,11627.906976740063
10.602288000000055,10075.566750618942
10.603082000000056,13114.754098360669
10.603567000000055,27118.644067680187
10.603692000000056,18181.818181772473
10.606963000000057,11782.032400591286
10.613124000000058,26755.85284280496
10.613305000000057,40404.040403830084
10.613423000000058,45197.74011280031
10.613503000000058,18648.018647998793
10.613600000000059,10178.117048349535
10.614386000000058,8978.675645331376
10.61498300000006,19704.433497541486
10.61527700000006,13136.288998380149
10.615389000000059,9216.589861764332
10.617088000000058,9153.318077788817
10.617818000000058,10624.16998670094
10.61941600000006,23529.411764613204
10.62083200000006,13582.34295416585
10.62130700000006,33898.30508485538
10.62142100000006,17467.248908294296
10.62281400000006,8676.789587860012
10.62328000000006,9090.909090904586
10.62373600000006,10840.10840108214
10.62416000000006,16528.925619829555
10.62447400000006,25889.967637419213
10.62464400000006,9768.009768010923
10.624783000000061,9060.022650056962
10.62546300000006,11220.196353419286
10.625666000000061,11577.424023158615
10.626176000000061,27397.260273976455
10.626357000000061,37209.30232545292
10.626468000000061,13937.282229957958
10.631288000000062,21978.02197806033
10.631473000000062,9378.663540452892
10.63749600000006,10512.483574235051
10.63785400000006,9501.18764845094
10.63825700000006,9019.165727164886
10.64499100000006,14010.507880891904
10.64532700000006,23880.59701494304
10.64556200000006,20356.234096745073
10.64566200000006,14598.540146026997
10.64595500000006,13986.013986013571
10.646210000000059,10430.247718362689
10.65294200000006,8088.978766426054
10.65348000000006,8072.653884957739
10.655916000000062,11799.41002948769
10.656335000000063,10512.483574259591
10.656594000000062,9195.40229886074
10.667789000000063,10101.01010100283
10.668265000000064,9864.364981497489
10.672543000000065,9411.764705864949
10.673057000000066,11611.030478933573
10.673393000000067,10752.688172029048
10.673746000000067,11577.424023158615
10.674137000000067,13559.32203392174
10.674437000000067,17777.77777781921
10.674727000000066,29197.080292053994
10.674887000000066,19704.433497541486
10.675001000000066,10296.010296018756
10.675293000000066,13559.32203392174
10.675778000000065,30769.230769344522
10.675883000000065,12598.425196869182
10.676038000000064,8820.286659318674
10.692933000000062,20671.834625327527
10.693140000000062,19277.108433722107
10.693320000000062,14981.273408238734
10.693555000000062,12326.656394467562
10.693854000000062,9592.326139096374
10.694204000000061,11782.032400591286
10.694688000000061,15444.015444028135
10.710622000000061,21739.1304347871
10.71076300000006,23255.813953480127
10.710990000000061,29629.629629776657
10.71110700000006,14388.489208644562
10.71126000000006,12718.60095389526
10.71166300000006,15296.367112828693
10.71188900000006,11851.85185186388
10.71218600000006,13769.363166944362
10.712564000000059,22222.22222218629
10.71276700000006,32921.81069967964
10.71292400000006,22099.447513867995
10.71301000000006,14388.489208644562
10.713286000000059,12012.012011998997
10.713566000000059,8264.462809914778
10.718999000000059,10165.184243954614
10.71962000000006,12364.760432752659
10.734150000000058,9696.969696981858
10.734602000000057,12638.230647698343
10.734975000000057,9132.420091306965
10.772223000000057,10869.56521739355
10.772789000000056,28880.866425937853
10.772959000000057,37209.30232545292
10.773066000000057,13201.320131986697
10.813445000000057,19464.720194660596
10.813606000000057,14440.433213015227
10.813856000000056,9828.009828008711
10.82681500000006,8281.573498964612
10.82955000000006,8097.165991906565
10.83164800000006,14010.507880891904
10.83192000000006,8024.072216650637
10.83221900000006,10217.113665386914
10.83291700000006,43715.846994577994
10.83300200000006,15625.000000038584
10.83310000000006,8781.558726687945
10.83351400000006,8928.5714285802
10.834011000000059,9744.214372714032
10.834410000000059,9280.74245940002
10.834832000000059,9324.0093240187
10.835272000000058,9039.548022596351
10.836692000000058,8359.45663532174
10.837258000000057,9501.18764845094
10.837649000000058,11142.061281350885
10.838100000000058,11379.800853490307
10.838367000000057,8998.875140599268
10.838803000000057,8255.933952532183
10.840656000000056,25396.825396784334
10.840817000000056,8048.289738427478
10.841811000000057,8686.21064060851
10.842324000000056,12779.552715645572
10.842732000000057,19047.619047615102
10.842950000000057,17057.569296413727
10.843152000000057,18518.518518519035
10.843419000000056,19323.671497536714
10.843584000000057,14652.014652016385
10.843833000000057,12213.740458013921
10.845327000000056,12799.999999975262
10.845611000000057,11730.205278572052
10.845952000000057,12539.18495297097
10.846293000000058,10376.134889749539
10.846590000000058,11904.761904765734
10.847064000000058,10484.927916131832
10.847262000000057,9070.29478457314
10.847827000000057,14311.270125201485
10.848144000000058,14414.414414406487
10.848386000000058,17467.248908294296
10.848699000000058,31872.509960102816
10.848844000000058,11764.705882337334
10.848950000000059,8290.155440407885
10.84991500000006,8385.744234815385
10.850576000000059,13605.442176900813
10.850869000000058,12861.736334407204
10.851164000000058,12364.760432752659
10.851491000000058,12139.605462810829
10.851811000000058,12519.561815344063
10.852150000000059,12924.071082420332
10.852450000000058,12944.983818784023
10.852769000000057,14209.591474254023
10.853068000000057,12383.900928798275
10.853332000000057,14388.489208644562
10.853714000000057,24615.384615374714
10.853888000000056,29739.77695154186
10.854039000000057,24539.877300526274
10.854157000000058,15444.015443975173
10.854365000000058,14035.087719260973
10.854675000000059,18390.80459764638
10.85493500000006,20779.220779240444
10.85511000000006,19138.75598087006
10.85532000000006,15296.36711277674
10.85552800000006,14084.507042222918
10.85584300000006,17021.276595745752
10.856096000000061,18348.623853262743
10.85631300000006,14732.965009197134
10.85653200000006,11034.482758605853
10.856856000000061,10989.010989003351
10.857257000000061,11283.497884335955
10.857584000000061,10443.864229758352
10.857966000000062,13093.289689012354
10.858350000000062,17057.569296349124
10.858577000000063,16494.84536084506
10.858819000000063,16393.44262298664
10.859062000000062,14414.414414406487
10.859307000000062,12578.616352199657
10.859617000000062,10958.904109603915
10.859943000000062,9174.311926612683
10.860347000000061,10680.907877183812
10.860815000000061,12903.225806459504
10.86109600000006,11799.41002948769
10.86143500000006,10282.776349609248
10.86177400000006,8791.208791215551
10.862213000000061,10840.108401108231
10.86268400000006,13245.033112601184
10.86295100000006,11940.29850747152
10.86328800000006,11347.517730497168
10.863621000000059,13093.289689012354
10.86399300000006,15414.258188806774
10.86423200000006,11004.126547463196
10.86451200000006,10526.315789478534
10.86495900000006,11976.047904173669
10.86527200000006,9557.945041808669
10.86562700000006,8547.008547014193
10.86610900000006,9205.983889530455
10.86656300000006,11095.700416082367
10.86697800000006,12598.42519683394
10.86728400000006,10752.688172029048
10.86761300000006,12195.12195119906
10.868028000000061,12213.740458013921
10.868269000000062,12084.592145044568
10.868683000000061,12251.14854518
10.86893100000006,12383.900928764222
10.869336000000061,14705.88235290246
10.869577000000062,12558.869701704982
10.869880000000062,11782.032400591286
10.870214000000063,10113.780025290305
10.870559000000062,9467.455621301948
10.871005000000062,10088.27238335662
10.871404000000062,11627.906976740063
10.871798000000062,9720.534629399157
10.872092000000062,9153.31807780742
10.872621000000063,12987.012987032767
10.872966000000062,15414.258188859532
10.873237000000062,16913.319238918455
10.873485000000061,15065.913370983837
10.873710000000061,13536.379018612333
10.874016000000061,11347.517730497168
10.874301000000061,9237.875288680878
10.874721000000061,10624.169986726001
10.875167000000062,12084.59214501214
10.875474000000061,12499.999999987498
10.875829000000062,13400.335008396072
10.876114000000062,13816.92573406401
10.87642600000006,10680.907877183812
10.87669300000006,8752.735229760647
10.87717500000006,8810.572687216936
10.87760700000006,8714.596949887095
10.87808300000006,12345.679012346023
10.87852500000006,14732.965009197134
10.87873100000006,8879.023307429217
10.87906800000006,8771.929824548359
10.879632000000061,8403.361344539211
10.879980000000062,10709.504685426638
10.880584000000061,20408.163265320392
10.88072700000006,17817.371937651118
10.88097600000006,18018.018018022525
10.88117600000006,15009.380863017355
10.88142000000006,12658.227848075265
10.881709000000061,10810.810810804865
10.882052000000062,8483.56309650528
10.882449000000062,8574.490889604802
10.882995000000061,13008.13008130483
10.883382000000061,11126.564673155055
10.883610000000061,9828.009828008711
10.884101000000062,11331.444759219523
10.884424000000061,9049.773755664106
10.88480700000006,10269.576379979058
10.88530800000006,22222.22222218629
10.88558600000006,47904.1916164399
10.885668000000061,38277.51196174012
10.885753000000062,20100.502512624014
10.885877000000061,13628.620102227442
10.88615100000006,13816.92573402162
10.88646400000006,11782.032400591286
10.88673000000006,10796.221322542086
10.88714300000006,10376.134889749539
10.88791400000006,8492.56900213717
10.88861300000006,10914.051841767981
10.88885600000006,8213.552361401666
10.889830000000059,8438.81856540723
10.890400000000058,10512.483574259591
10.890778000000058,11611.030478963508
10.891161000000057,9768.009768010923
10.894129000000056,8130.081300821389
10.894752000000056,10928.961748644499
10.895113000000055,11188.811188817806
10.895484000000055,13179.571663910756
10.895828000000055,16260.162601642778
10.896091000000055,23598.82005909904
10.896320000000054,20408.163265320392
10.896430000000054,8238.928939239315
10.897839000000054,8056.394763348632
10.898514000000054,15296.367112828693
10.898832000000054,21333.333333332524
10.899037000000053,31872.509960102816
10.899207000000054,47337.27810660925
10.899288000000054,15444.015444028135
10.901396000000053,9291.521486638638
10.901997000000053,20618.556700980807
10.902257000000054,18867.924528273135
10.902385000000054,11958.146487289952
10.902681000000054,9756.097560985667
10.903054000000054,9248.554913303058
10.903501000000054,10582.01058202331
10.903919000000053,12519.561815344063
10.904257000000053,8908.685968807937
10.905155000000054,8519.701810446499
10.905889000000053,13201.320132025394
10.906094000000053,13008.13008130483
10.906495000000053,11644.832605544585
10.906709000000053,9962.64009963331
10.907182000000052,10781.671159019674
10.907512000000052,9227.220299871
10.908379000000053,9205.983889511635
10.908931000000054,17316.017315993755
10.909248000000055,26229.508196797717
10.909393000000055,25641.02564109124
10.909553000000054,17897.091722618297
10.909705000000054,13961.605584660056
10.913700000000054,10540.18445324707
10.913950000000053,9324.0093240187
10.914459000000052,12638.230647698343
10.918408000000053,23391.812865507854
10.918675000000052,38834.951456240444
10.918750000000053,33472.8033472041
10.918881000000052,26845.637583820764
10.918989000000053,16563.14699795968
10.919179000000053,10752.68817205472
10.919472000000052,10101.01010100283
10.919923000000052,11560.693641605081
10.920264000000053,11363.636363624999
10.920615000000053,14732.965009197134
10.920968000000054,17278.617710587627
10.921158000000053,15841.584158402611
10.921431000000053,21798.36512257587
10.921663000000054,10191.082802541543
10.922448000000054,10230.179028120583
10.922886000000055,11730.205278602603
10.923230000000055,13937.282230001088
10.923568000000055,20671.834625327527
10.923804000000054,21917.808219154496
10.923955000000054,10152.28426395925
10.924169000000054,8565.310492497296
10.924743000000054,12820.512820509122
10.925103000000055,10430.247718386845
10.925367000000055,8316.008316012956
10.925870000000055,8810.572687234171
10.926329000000054,10723.86058981996
10.926778000000054,12738.853503205755
10.927075000000054,13840.830449849038
10.927406000000053,10869.56521739355
10.927653000000053,9029.34537246561
10.928142000000053,9732.360097330298
10.928539000000052,8368.200836816573
10.928964000000052,9445.100354188316
10.929495000000053,9111.61731207127
10.929811000000052,8501.594048875413
10.930373000000053,8247.422680407426
10.930752000000053,8230.452674889828
10.931343000000053,11594.202898541927
10.931724000000054,16293.279022395252
10.932033000000054,19184.652278151887
10.932215000000054,12598.42519683394
10.932450000000054,8743.169398898624
10.932850000000055,10088.27238335662
10.933365000000055,13223.140495863643
10.933643000000055,9864.364981497489
10.933970000000055,8800.880088008329
10.934454000000056,9603.841536613681
10.934879000000056,9367.681498825152
10.935287000000056,10349.28848640881
10.935733000000056,13445.378151247685
10.936060000000056,9080.590238368713
10.936941000000056,9378.663540433361
10.937408000000056,8592.910848537509
10.938339000000058,9456.264775402393
10.938832000000058,11730.205278572052
10.939185000000059,11494.252873540721
10.93951400000006,10958.904109577248
10.93988100000006,11747.43024963024
10.94024400000006,13266.998341627206
10.94056200000006,12195.121951232082
10.94084700000006,11267.605633806525
10.94121800000006,11713.03074669828
10.94155700000006,13536.379018612333
10.94190100000006,12779.552715645572
10.94214800000006,9888.751545113986
10.94252700000006,11940.29850747152
10.94295700000006,16393.44262298664
10.94319700000006,9111.617312089704
10.944075000000058,9987.515605481414
10.944511000000059,10825.43978347428
10.94487600000006,11695.906432723552
10.94525000000006,13559.322033880917
10.94556000000006,11887.072808306611
10.94584000000006,11922.503725772956
10.946233000000062,8978.675645349274
10.94784600000006,11747.43024963024
10.948166000000061,13864.818024267573
10.94852700000006,12558.869701740005
10.94874300000006,9080.590238368713
10.94916400000006,9638.554216861054
10.95066600000006,10540.1844532224
10.95111700000006,11940.298507439864
10.95142500000006,11283.497884335955
10.951787000000062,11661.807580175531
10.952134000000061,9913.258983890928
10.952473000000062,10349.28848640881
10.952941000000061,15810.2766797966
10.953246000000062,15384.615384619707
10.953447000000063,11363.636363653672
10.953766000000062,9132.420091325484
10.954151000000062,9259.259259259517
10.954642000000062,13136.288998380149
10.955015000000062,15748.031496064452
10.955251000000061,13745.704467320538
10.955523000000062,11644.832605514475
10.955833000000062,11816.838995575761
10.956210000000063,11747.43024963024
10.956510000000062,9592.326139075944
10.956891000000063,8733.624454147148
10.957807000000063,8113.59026369773
10.958448000000063,13223.140495863643
10.958793000000062,8918.61761426832
10.959053000000063,9569.37799043503
10.959690000000062,10781.671159019674
10.960432000000063,9324.0093240187
10.960929000000062,10680.907877183812
10.961290000000062,13513.51351353041
10.961678000000061,15686.27450979677
10.961882000000061,16842.105263165653
10.962188000000062,30418.25095053029
10.962357000000061,44692.73742990807
10.962451000000062,49999.99999967244
10.962536000000062,45977.0114939282
10.962611000000063,19512.195121929064
10.962710000000063,14414.414414406487
10.963021000000063,16326.530612211924
10.963265000000064,16877.63713078283
10.963511000000064,10680.907877158481
10.963739000000064,10596.026490043552
10.964260000000065,15267.17557250705
10.964494000000066,12461.059190047781
10.964784000000066,10443.864229782572
10.965136000000065,11283.497884364224
10.967615000000064,12441.67962678067
10.968041000000063,16326.53061227111
10.968258000000063,9937.888198761188
10.968531000000063,8830.022075050145
10.969063000000062,10568.031704093455
10.969437000000063,9153.31807780742
10.969820000000063,8620.689655172044
10.970311000000063,10781.671159019674
10.970748000000063,12965.96434359617
10.971053000000063,10282.776349632726
10.971365000000063,10349.288486432593
10.971831000000062,11527.377521625356
10.972138000000061,11816.838995575761
10.972525000000061,12558.869701740005
10.972815000000061,12251.14854518
10.97316200000006,11034.482758605853
10.97346800000006,11049.723756879777
10.973887000000062,13093.289689012354
10.974192000000063,11816.838995575761
10.974498000000063,10568.031704093455
10.974869000000062,10139.416983510097
10.975255000000063,8281.573498964612
10.976738000000063,9732.360097330298
10.977240000000062,15037.593984969335
10.977560000000063,17897.091722618297
10.977772000000062,20779.220779240444
10.978007000000062,20151.133501282966
10.978157000000062,22471.910112358102
10.978404000000062,35398.230088555814
10.978513000000062,30303.03030307646
10.978630000000061,23529.411764736135
10.978777000000061,15473.887814303685
10.97897000000006,10088.272383334022
10.979294000000062,11799.41002948769
10.979763000000062,25316.455696221685
10.979972000000062,14311.270125246961
10.981159000000062,10416.666666656249
10.981559000000063,8456.659619443348
10.981927000000063,9696.969696960978
10.982505000000064,12480.499219970909
10.982752000000064,9090.909090904586
10.983146000000064,8859.357696557321
10.983632000000064,10050.25125626715
10.984049000000065,9925.558312645844
10.984428000000065,10840.10840108214
10.984855000000065,12965.96434359617
10.985166000000065,8024.072216650637
10.986163000000065,10126.58227847729
10.986575000000066,11220.19635344724
10.986953000000065,11816.838995575761
10.987288000000065,11527.377521625356
10.987630000000065,9411.76470588462
10.987982000000065,8368.200836816573
10.988480000000065,8830.022075050145
10.990095000000066,9478.672985793708
10.990722000000066,10217.113665410094
10.990939000000065,8064.5161290458545
10.991505000000064,12422.360248458339
10.991931000000063,14652.014652016385
10.992149000000063,15873.015873034965
10.992477000000063,24691.358024759735
10.992653000000063,24539.87730065999
10.992801000000062,31872.509960102816
10.992979000000062,29739.77695154186
10.993052000000063,25641.025640945252
10.993248000000063,22408.96358536821
10.993364000000064,12965.96434359617
11.002732000000064,8064.516129031414
11.006398000000063,20100.5025125343
11.008959000000063,16129.032258062827
11.009257000000064,18779.3427230422
11.009455000000063,11904.761904765734
11.009683000000063,10526.315789478534
11.010127000000063,11816.838995575761
11.013984000000061,8255.933952517049
11.014536000000062,9732.360097309267
11.014953000000062,9673.518742430617
11.015358000000063,10989.010989003351
11.015780000000063,12383.900928798275
11.016086000000064,14184.397163148264
11.017427000000062,12176.560121759083
11.017740000000062,10752.688172029048
11.018084000000062,9122.00684149572
11.018484000000063,9445.100354188316
11.018961000000063,11299.435028256778
11.019331000000063,9626.955475333196
11.019669000000063,8273.009307126484
11.020162000000063,8350.73068892935
11.020636000000064,10075.566750618942
11.021120000000064,9400.705052869871
11.021430000000064,8298.755186724205
11.021971000000065,9987.515605503564
11.022394000000064,10335.917312663763
11.022772000000064,9060.022650056962
11.023168000000064,8968.609865467464
11.023655000000064,9852.216748770743
11.024060000000064,10666.666666666262
11.024467000000064,10914.051841741531
11.024810000000064,9163.802978250986
11.025200000000064,10037.64115434631
11.025683000000063,11019.283746553037
11.025997000000062,12618.296529937053
11.026409000000063,17582.41758239678
11.027808000000064,10624.16998670094
11.028237000000065,12048.192771076318
11.028561000000066,16359.91820041028
11.028901000000065,14209.591474254023
11.029050000000066,11379.800853490307
11.029464000000065,9080.590238368713
11.029753000000065,8988.76404494324
11.030345000000064,13793.103448248867
11.030643000000065,14466.54611211506
11.030925000000066,12698.412698427972
11.031196000000065,11976.047904205516
11.031555000000065,10884.353741514074
11.031864000000065,9132.420091325484
11.032290000000064,9852.21674874919
11.032740000000064,11747.43024963024
11.033102000000065,13913.043478271804
11.033421000000065,11958.146487289952
11.033677000000065,11251.758087188555
11.034090000000065,10943.912448699853
11.034388000000066,10928.961748644499
11.034821000000065,14362.65709154686
11.035120000000065,13008.13008130483
11.035378000000065,10126.58227850006
11.035735000000065,11188.811188817806
11.036168000000064,12012.012011998997
11.036450000000064,16326.530612211924
11.036834000000065,28776.978417289123
11.036940000000065,15355.086372387208
11.037112000000064,12084.59214501214
11.037461000000064,11019.283746553037
11.037774000000065,8762.322015328231
11.038187000000065,11204.481792711978
11.038687000000065,14814.814814839596
11.038901000000065,14059.75395433769
11.039227000000064,14598.540145979674
11.039470000000064,15180.265654599396
11.039775000000065,17467.248908294296
11.039997000000065,12944.983818784023
11.040233000000065,9467.455621301948
11.040615000000065,10943.912448699853
11.041078000000065,17316.017315993755
11.041346000000065,13377.92642140248
11.041540000000065,11396.011396004506
11.041944000000065,15717.092337887198
11.042242000000066,17167.381974270615
11.042453000000066,9876.543209882233
11.043263000000065,11678.832116776168
11.043711000000066,13769.363166944362
11.043948000000066,15717.092337887198
11.044292000000066,12158.054711220708
11.044457000000067,9227.220299871
11.044950000000068,11315.417256007551
11.045324000000068,15325.670498080373
11.045657000000068,13157.894736809725
11.04626500000007,9592.326139075944
11.04684600000007,13311.148086491323
11.04709900000007,18912.529550765074
11.047447000000071,45714.28571416024
11.047522000000072,41666.666666624995
11.047622000000072,18099.547511328212
11.047714000000072,14388.489208644562
11.048064000000071,13840.8304498065
11.048270000000072,12499.999999987498
11.048642000000072,21739.1304347871
11.048910000000072,19753.08641972115
11.049010000000072,13355.592654398924
11.049315000000073,19704.433497541486
11.049609000000073,12678.288431056377
11.049721000000073,12698.412698392167
11.050240000000073,22857.14285708012
11.050351000000074,20942.408376957625
11.050590000000074,14440.433213015227
11.050733000000074,11267.605633806525
11.051144000000074,10624.169986726001
11.051443000000074,12441.679626746298
11.051897000000073,22792.02279200901
11.052086000000074,27681.660899613
11.052248000000073,19464.720194576472
11.052375000000074,14897.57914335197
11.052659000000075,16359.91820041028
11.052912000000076,13513.51351353041
11.053148000000075,12499.999999987498
11.053504000000075,12480.499219970909
11.053788000000075,12598.425196869182
11.054145000000075,13311.148086530666
11.054423000000074,14925.373134319614
11.054746000000074,18099.547511328212
11.054959000000075,10666.666666666262
11.055188000000074,10243.277848889395
11.055709000000075,13628.6201021862
11.055969000000076,14760.147601444625
11.056296000000076,17621.1453743994
11.056511000000077,13769.363166944362
11.056750000000077,13913.043478271804
11.057092000000077,16806.72268910978
11.057325000000077,14311.270125246961
11.057568000000076,13582.34295416585
11.057884000000076,12288.786482344061
11.058157000000076,11851.85185186388
11.058535000000075,11747.43024963024
11.058832000000075,11816.838995575761
11.059216000000076,13029.315960937894
11.059509000000075,14925.373134319614
11.059830000000074,17977.5280898506
11.060045000000075,14545.454545441467
11.060275000000075,11661.807580175531
11.060595000000076,12820.512820509122
11.060961000000075,14953.271028007688
11.061219000000076,16064.257028101756
11.061496000000076,15686.27450979677
11.061717000000076,12195.12195119906
11.062006000000077,9913.258983890928
11.062373000000077,8839.779005529848
11.062813000000077,10767.160161508298
11.063278000000077,11396.011396004506
11.063556000000077,11095.700416082367
11.063980000000077,11142.061281350885
11.064277000000077,9557.945041828954
11.068594000000077,12345.679012346023
11.068833000000078,9291.521486657808
11.072473000000077,8368.200836816573
11.073429000000077,9334.889148192611
11.075063000000076,10243.277848912692
11.076708000000076,9291.521486638638
11.077464000000077,20565.552699218497
11.077569000000077,9876.543209860574
11.077853000000077,8474.576271181952
11.081569000000078,9060.022650056962
11.085109000000077,23809.523809594404
11.087073000000077,8281.573498964612
11.087584000000076,8519.70181043038
11.088039000000077,11594.202898541927
11.088523000000077,17278.617710587627
11.088729000000077,15503.875969013437
11.088986000000077,13333.333333324934
11.089245000000076,10376.134889749539
11.089586000000077,10256.410256424817
11.090016000000077,10256.410256424817
11.090366000000076,9840.098400995334
11.092179000000074,14336.917562728218
11.092580000000074,27972.02797211401
11.092737000000074,20100.502512624014
11.094340000000074,18867.924528273135
11.094665000000074,36697.24770637597
11.094764000000074,17241.379310377088
11.094883000000074,9876.543209882233
11.095228000000073,14336.917562728218
11.095693000000074,30534.351145117613
11.095786000000073,16227.180527366225
11.095955000000073,13445.378151247685
11.096279000000074,14035.087719304713
11.096550000000073,12461.059190013304
11.096849000000073,13937.282229957958
11.097192000000074,24024.024024062073
11.097423000000074,26143.790849661284
11.097525000000074,19656.01965597453
11.097729000000074,22922.63610303961
11.097932000000075,19753.08641972115
11.098078000000076,18604.651162803315
11.098337000000075,24922.118380095562
11.098508000000075,13201.320132025394
11.098658000000075,8483.56309650528
11.100405000000075,18691.58878507167
11.100652000000075,15594.541910338568
11.100833000000074,12403.10077518513
11.101165000000075,12882.4476650429
11.101478000000075,8629.989212506145
11.102405000000076,10191.082802541543
11.102920000000076,18181.818181772473
11.103190000000076,20671.834625327527
11.103360000000077,14732.965009245332
11.103577000000076,13050.570962489603
11.103903000000075,15779.092702147798
11.104190000000075,9626.955475333196
11.104410000000076,8080.808080809515
11.105021000000075,10928.961748617978
11.105400000000076,13201.320131986697
11.105753000000076,12030.075187943332
11.107050000000077,8667.388949076938
11.107562000000078,8179.95910020514
11.107973000000078,8879.023307429217
11.108540000000078,10989.010989003351
11.108874000000078,10296.010296018756
11.110377000000078,8537.8868729952
11.110776000000078,8483.563096489299
11.11235400000008,9673.518742430617
11.11284200000008,9259.259259259517
11.11581600000008,9345.794392516442
11.11636400000008,8171.603677213714
11.116672000000081,8447.729672650197
11.117343000000082,11782.032400591286
11.117619000000081,9876.543209882233
11.118022000000082,8492.56900213717
11.11842900000008,8686.21064060851
11.11896400000008,8456.659619443348
11.12128900000008,9815.950920253299
11.12166900000008,9913.258983890928
11.123266000000081,10943.912448699853
11.123676000000081,13422.818791950387
11.123997000000081,13355.592654398924
11.124272000000081,11034.482758605853
11.124596000000082,10526.315789478534
11.124997000000082,13816.92573402162
11.125356000000082,16985.13800421028
11.125576000000082,17777.777777749034
11.125827000000083,14760.147601444625
11.126026000000083,11904.761904734265
11.126369000000084,15503.875968960063
11.126698000000085,9009.009009011263
11.127586000000084,9650.180940898175
11.128030000000084,11678.832116806454
11.128415000000084,11396.011396033342
11.128715000000083,11560.693641634756
11.129117000000083,13582.34295416585
11.129407000000082,20253.16455700012
11.129706000000082,37735.84905670437
11.129802000000081,22284.12256270177
11.129918000000082,22535.21126766943
11.130161000000081,21739.1304347871
11.13027300000008,15296.367112828693
11.130529000000081,19002.37529694197
11.13079600000008,24767.80185759655
11.13095000000008,25974.025973990636
11.13111900000008,19656.01965597453
11.13125800000008,16597.51037344841
11.13152600000008,20618.556701075206
11.13174000000008,17278.617710587627
11.13191400000008,20887.728459468268
11.13220300000008,28776.978417105245
11.132297000000081,13201.320131986697
11.132481000000082,10989.010989003351
11.132903000000082,12779.552715645572
11.134262000000083,9090.909090904586
11.134701000000083,9313.154831197278
11.135142000000084,11544.011544010633
11.135560000000083,14571.948998192665
11.135835000000084,15296.367112828693
11.136109000000083,13986.013986013571
11.136358000000083,12738.853503169721
11.136681000000083,16064.257028101756
11.136986000000084,17467.248908294296
11.137179000000083,15296.36711277674
11.137444000000084,17316.017315993755
11.137702000000084,18348.623853187986
11.137906000000084,14760.147601444625
11.138138000000085,8032.128514050878
11.138448000000086,8080.808080809515
11.139134000000086,11958.146487289952
11.139438000000085,12461.059190013304
11.139803000000086,15655.5772993743
11.140080000000086,14705.88235290246
11.140314000000087,10652.46338214214
11.140624000000088,11267.605633806525
11.141065000000088,14184.397163148264
11.141334000000088,12232.41590215855
11.141629000000087,11034.482758632888
11.141988000000087,12232.41590215855
11.142354000000086,9987.515605503564
11.142642000000086,9478.672985793708
11.143155000000085,13651.877133142585
11.143486000000085,13651.877133142585
11.143741000000084,15904.572564663997
11.144072000000083,17543.85964913089
11.144244000000082,10638.297872336068
11.144996000000083,8394.543546702635
11.145664000000082,12903.225806459504
11.145949000000082,10403.120936280618
11.146284000000081,12903.225806459504
11.146718000000082,17391.30434788005
11.146904000000081,13536.379018612333
11.14717800000008,10430.247718362689
11.147495000000081,9019.165727164886
11.147945000000082,11834.319526621215
11.148382000000082,11461.318051578142
11.149806000000082,9592.326139096374
11.150345000000081,10322.580645173517
11.150640000000081,11730.205278602603
11.15112000000008,14814.814814839596
11.15132200000008,11111.11111112056
11.15166000000008,11577.424023158615
11.15204200000008,9313.154831197278
11.15235100000008,8583.690987118947
11.15290100000008,11095.700416082367
11.15328300000008,10025.062656646223
11.15362200000008,10139.416983532925
11.15408100000008,12364.760432752659
11.155807000000081,12345.679012346023
11.156075000000081,11816.838995575761
11.156455000000081,12121.212121214272
11.15675200000008,11816.838995575761
11.157115000000081,11544.011544010633
11.15742900000008,11331.444759191012
11.157808000000081,8667.388949076938
11.158731000000081,9803.921568622982
11.159144000000081,9779.951100236709
11.159547000000082,8998.875140599268
11.159962000000082,8492.569002121156
11.160436000000082,9356.725146203142
11.160904000000082,9280.74245940002
11.165175000000083,9756.097560985667
11.165627000000082,10958.904109577248
11.165995000000082,9900.990098997278
11.167977000000084,8154.943934764983
11.168466000000084,8221.993833503673
11.168958000000083,12269.938650296566
11.174024000000083,8368.200836816573
11.284167000000084,11428.571428598063
11.310201000000083,29962.5468163778
11.310317000000083,31999.999999847205
11.310468000000084,33472.8033472041
11.310567000000084,23668.639053304625
11.310707000000084,10526.315789478534
11.311467000000084,8040.2010050137205
11.317560000000084,11157.601115762342
11.318159000000083,20997.375328036986
11.321406000000083,11560.693641634756
11.326342000000082,10680.907877158481
11.333660000000085,8121.8274111674
11.347215000000089,11661.807580175531
11.34761500000009,16359.91820041028
11.347901000000089,12403.10077518513
11.34810400000009,10389.610389620222
11.34854600000009,11251.758087216665
11.355278000000089,15414.258188859532
11.355649000000088,12718.60095389526
11.355797000000088,12698.412698392167
11.356278000000088,25974.025973990636
11.360239000000089,26315.789473696335
11.360391000000089,15564.20233460638
11.360543000000089,10126.58227847729
11.39968200000009,10088.27238335662
11.40009700000009,12738.853503205755
11.400475000000089,12598.425196869182
11.408152000000088,8510.638297872876
11.408707000000089,12383.900928798275
11.409092000000088,13223.140495863643
11.409353000000088,10349.28848640881
11.418194000000089,39215.68627449193
11.418289000000089,38277.51196174012
11.418398000000089,41450.77720219203
11.418498000000088,17094.017094028386
11.418591000000088,11251.758087188555
11.423530000000088,47058.82352922641
11.423636000000089,42105.26315791414
11.423700000000089,34042.553191491505
11.423826000000089,33755.27426156566
11.423935000000089,38095.238095069086
11.42406300000009,41884.81675372047
11.42414500000009,19093.078758911815
11.42425400000009,12195.12195119906
11.437290000000091,21739.1304347871
11.437449000000091,20887.728459565144
11.437658000000091,23121.387283328866
11.43783200000009,20408.163265320392
11.43800400000009,21739.1304347871
11.43822400000009,33472.803347452886
11.43837200000009,14209.591474254023
11.43846300000009,11019.283746553037
11.43893500000009,9029.34537246561
11.44070100000009,19999.999999957792
11.44084700000009,17777.777777749034
11.44110100000009,21447.72117953778
11.441297000000091,9661.835748789086
11.445318000000093,30534.351145117613
11.445392000000092,25477.70700641151
11.445580000000092,23121.387283210162
11.445706000000092,16326.530612211924
11.445926000000092,21276.595744621878
11.446196000000093,28673.835125365153
11.446302000000093,27681.660899613
11.446475000000094,22346.368715064917
11.446591000000094,18735.362997650303
11.446833000000094,19656.01965597453
11.447018000000094,12048.192771076318
11.452311000000094,13490.725126469002
11.452670000000094,20671.834625327527
11.452904000000094,26490.06622520237
11.453057000000094,28169.014084445836
11.453206000000094,35087.71929826178
11.453341000000094,23323.61516041146
11.453434000000094,12251.14854518
11.458953000000093,14184.39716310359
11.459368000000094,27777.77777766433
11.459517000000094,26315.789473542565
11.459656000000095,19900.497512382186
11.459821000000096,19138.75598087006
11.460058000000096,19950.12468827454
11.460239000000096,12759.170653913374
11.460459000000096,8602.150537647884
11.466758000000095,8648.648648643892
11.467589000000094,44444.44444437258
11.467683000000095,17937.21973093493
11.483053000000096,41884.81675411002
11.483158000000095,45197.74011325391
11.483244000000095,28268.551236790157
11.483335000000094,23529.411764736135
11.483527000000095,33898.30508485538
11.483675000000094,43010.752688321576
11.483763000000094,20356.234096745073
11.483861000000093,11220.19635344724
11.485496000000092,35714.285714391604
11.485620000000091,40609.137055837
11.485720000000091,40201.0050250686
11.485817000000091,40609.137055837
11.485919000000091,41450.77720219203
11.486014000000091,30075.18796993867
11.486112000000091,18604.651162803315
11.486280000000091,15564.202334660169
11.48654200000009,10217.113665386914
11.490351000000091,14842.300556590535
11.490771000000091,28469.750889749666
11.49089000000009,12441.679626746298
11.51024700000009,16032.064128269907
11.51065300000009,41666.666666624995
11.51074600000009,39999.99999973795
11.51084500000009,32520.32520316814
11.510946000000091,23952.095808347338
11.511091000000091,21390.374331507184
11.511280000000092,14109.347442675644
11.518446000000091,8565.310492497296
11.524343000000092,13468.013468023913
11.524735000000092,19801.98019803809
11.524937000000092,19184.652278151887
11.525139000000092,19851.11662529169
11.525354000000092,14336.917562728218
11.540982000000094,39800.99502511611
11.541042000000093,13605.442176900813
11.541183000000093,12539.184953005884
11.591722000000093,21108.179419592067
11.606163000000091,33057.85123965911
11.606324000000091,22857.142857196126
11.609327000000091,12441.679626746298
11.60983300000009,27874.564459915917
11.609970000000091,24999.999999974996
11.61012000000009,16528.925619829555
11.610290000000091,13422.818791950387
11.62089000000009,24316.109422441416
11.62105300000009,13913.043478271804
11.630019000000091,8988.76404494324
11.63067500000009,22727.272727192652
11.630909000000091,24691.358024624362
11.631027000000092,18779.34272296389
11.631233000000092,12326.656394433823
11.66893000000009,9122.00684149572
11.674499000000091,10025.062656646223
11.686189000000091,28169.014084445836
11.686288000000092,18735.362997650303
11.686473000000092,19138.75598087006
11.713921000000092,32786.88524585393
11.714015000000092,25396.825396784334
11.714165000000092,22988.505747081443
11.716654000000092,10840.108401108231
11.71899000000009,11904.761904734265
11.74923600000009,45197.74011325391
11.74931500000009,20997.375328134884
11.75238900000009,10958.904109577248
11.75301100000009,18264.84018261393
11.756211000000091,37558.68544592778
11.75631600000009,25806.45161284507
11.756424000000091,14059.753954293796
11.760116000000092,15686.27450979677
11.763409000000092,11204.481792711978
11.763680000000091,10012.51564454742
11.764123000000092,11461.318051578142
11.765879000000092,21390.374331608782
11.766195000000092,65573.77049218526
11.766253000000091,54794.52054761957
11.766317000000091,13266.998341588123
11.766399000000092,10088.272383334022
11.766920000000093,11799.41002948769
11.767192000000094,9815.950920253299
11.769201000000093,10389.610389596253
11.769863000000093,16129.032258062827
11.776933000000094,42553.19148944479
11.777070000000094,61068.702290235226
11.777121000000093,49079.75460105255
11.777201000000094,19999.999999957792
11.777284000000094,9345.794392516442
11.784692000000092,10139.416983510097
11.785228000000092,12718.60095389526
11.785481000000093,9592.326139096374
11.785857000000092,8948.545861291368
11.788077000000094,13675.21367523309
11.788498000000093,21333.333333332524
11.788662000000093,16842.105263165653
11.788873000000093,13157.894736848168
11.789137000000093,18648.018647998793
11.789481000000093,15564.20233460638
11.791849000000093,12779.552715645572
11.792247000000094,11747.43024963024
11.794088000000094,24390.243902464164
11.794204000000095,8752.735229760647
11.794416000000094,8519.70181043038
11.795118000000095,13050.570962489603
11.795355000000095,10075.566750641483
11.795731000000094,9512.485136748472
11.796149000000094,15904.57256460783
11.796572000000094,17817.371937651118
11.796652000000094,8859.357696574749
11.798263000000093,11764.705882368067
11.799777000000091,14260.249554338125
11.800173000000092,32653.06122430547
11.800338000000092,28368.79432620718
11.800418000000093,21390.374331608782
11.800620000000093,17316.017316060337
11.800792000000092,10914.051841741531
11.809320000000094,9259.259259259517
11.810029000000094,10403.120936280618
11.849091000000097,10349.28848640881
11.849544000000098,20050.125313292447
11.849864000000098,39800.99502511611
11.849943000000097,17353.579175720024
11.857685000000096,14466.54611211506
11.860728000000096,12618.296529972407
11.860863000000096,10582.01058202331
11.861362000000096,13377.92642140248
11.861619000000095,18058.69074489501
11.861960000000096,23391.812865507854
11.862062000000096,12213.740458013921
11.866326000000097,9557.945041808669
11.866510000000098,9512.485136748472
11.867163000000097,17777.77777781921
11.867351000000097,11527.377521625356
11.873768000000094,11678.832116806454
11.883106000000089,22346.368715064917
11.883248000000089,14260.249554383277
11.883464000000089,12800.000000011642
11.883809000000088,13333.333333324934
11.884089000000088,12539.18495297097
11.88747000000009,14787.43068391526
11.88782500000009,23668.639053304625
11.88801100000009,19512.195121929064
11.88816300000009,19999.999999957792
11.88842100000009,28673.835125365153
11.88856300000009,29629.629629581723
11.88870000000009,17977.52808992236
11.88883300000009,13008.13008130483
11.88914500000009,11994.002998501232
11.88944800000009,9925.55831266772
11.90104800000009,9489.91696322989
11.90158300000009,16877.63713078283
11.90189100000009,23460.410557144103
11.90205700000009,10638.297872336068
11.909714000000088,11126.564673155055
11.910304000000089,21917.808219261166
11.912590000000087,26578.073089671965
11.912687000000087,18223.23462414254
11.912891000000087,16736.401673664244
11.913126000000087,12139.605462843552
11.913369000000086,9153.31807780742
11.913785000000086,8724.10032715956
11.920898000000085,13201.320132025394
11.922428000000084,9205.983889530455
11.922785000000083,10781.671159019674
11.923297000000083,17977.5280898506
11.923527000000083,21164.02116394716
11.923742000000084,17316.017315993755
11.923905000000085,10869.56521739355
11.925961000000084,15717.092337942047
11.927700000000083,10457.516339876654
11.928324000000083,20942.408376957625
11.945322000000083,10738.255033553909
11.997247000000081,8849.557522121564
11.997890000000082,13536.379018612333
11.998151000000082,8958.566629343433
12.030118000000083,8667.388949093618
12.033570000000083,12288.786482310528
12.038773000000084,12195.12195119906
12.039337000000085,11379.800853490307
12.041453000000084,20565.552699218497
12.041628000000085,10796.221322542086
12.042369000000084,11958.146487289952
12.042931000000085,24922.118380095562
12.043038000000085,14010.50788093549
12.043252000000084,11251.758087216665
12.043963000000083,8281.573498964612
12.044768000000083,27586.20689658222
12.044929000000083,10269.576379979058
12.045058000000083,8733.624454147148
12.045708000000083,17937.21973093493
12.045974000000083,26936.026936047827
12.046154000000083,31496.062992128904
12.046271000000083,32921.81069943898
12.046408000000083,16494.845360784646
12.046514000000084,14311.270125201485
12.046893000000084,28571.428571422653
12.047073000000085,36199.095022656424
12.047173000000084,19047.619047615102
12.047294000000084,18867.924528273135
12.047593000000084,17738.359201774656
12.047718000000085,15904.57256460783
12.048044000000084,19607.843137245964
12.048221000000085,19277.108433722107
12.048452000000085,26058.63192172501
12.048636000000085,32128.514056203512
12.048759000000086,20050.125313292447
12.048885000000086,13559.322033880917
12.049158000000086,15841.584158402611
12.049475000000086,28880.86642612306
12.049663000000086,28368.79432638588
12.049752000000085,27972.02797211401
12.049945000000085,45454.54545461469
12.050038000000084,21333.333333332524
12.050121000000084,19138.75598087006
12.050413000000084,29629.629629581723
12.050539000000084,25157.232704399314
12.050683000000085,26315.789473696335
12.050857000000084,31746.03174606993
12.050987000000084,30769.230769344522
12.051109000000084,22346.368715064917
12.056780000000083,12759.170653913374
12.060681000000082,12519.561815344063
12.060873000000083,10322.580645173517
12.067673000000083,15873.015873034965
12.067939000000083,20887.728459565144
12.068177000000082,24390.243902464164
12.068322000000082,21978.02197806033
12.068505000000082,16129.032258062827
12.068686000000081,13093.289689012354
12.069001000000082,16985.13800421028
12.069297000000082,15810.276679852102
12.069472000000083,13986.013986013571
12.069803000000082,17167.381974205175
12.070044000000083,11799.41002948769
12.070269000000083,8438.818565391415
12.070722000000083,9685.230024213153
12.071217000000084,10709.504685426638
12.071548000000083,9962.64009963331
12.071964000000083,10349.28848640881
12.072351000000083,12251.14854518
12.072737000000084,15325.670498132526
12.073004000000083,13333.333333364408
12.073259000000082,9535.160905849993
12.073604000000081,10389.610389620222
12.074098000000081,16842.105263165653
12.07437400000008,14362.65709154686
12.07457300000008,14059.753954293796
12.074931000000081,11782.032400591286
12.075142000000081,10101.01010100283
12.075610000000081,9302.325581382443
12.078006000000082,24464.831804250647
12.078239000000082,23738.8724035586
12.078333000000082,13582.34295416585
12.078576000000082,10126.58227847729
12.082328000000082,10050.25125626715
12.082759000000083,9888.751545113986
12.086807000000082,11544.011544010633
12.087179000000082,12269.938650329996
12.087500000000082,12861.736334407204
12.087831000000081,8869.179600887328
12.088733000000081,10256.41025640146
12.089219000000082,15936.254980051408
12.089513000000082,15473.887814303685
12.089721000000083,10471.204188478812
12.093700000000082,10723.86058981996
12.095975000000081,9019.165727182948
12.09656900000008,16913.319238918455
12.09686200000008,16736.40167360205
12.102967000000081,16326.53061227111
12.103231000000081,12012.012012031037
12.10389700000008,9708.737864081042
12.10454700000008,16701.4613778587
12.10472100000008,13468.013467983637
12.10941200000008,8247.42268042253
12.120684000000079,8791.208791215551
12.121594000000078,10113.780025267593
12.122032000000079,18691.588784994095
12.12238500000008,36363.636363544945
12.12246000000008,32000.00000007458
12.12260500000008,40404.040404192565
12.12271000000008,39800.99502476437
12.12280300000008,36697.24770637597
12.12291100000008,19512.195122013603
12.130904000000083,8324.66181061211
12.131538000000083,11611.030478933573
12.131865000000083,10989.010989003351
12.132227000000084,8705.114254627717
12.132593000000083,8385.744234799771
12.133146000000083,10025.062656646223
12.133547000000084,8238.928939239315
12.134518000000083,11095.700416082367
12.135023000000084,18306.63615561484
12.135239000000084,12480.499219970909
12.135460000000084,8064.516129031414
12.138775000000084,9615.38461539553
12.140519000000083,9523.809523807551
12.143528000000083,18691.588784994095
12.143741000000084,26490.066225046558
12.155240000000084,23668.639053304625
12.155369000000084,13582.34295416585
12.163532000000083,8879.023307429217
12.163845000000084,8238.928939239315
12.164433000000084,9248.554913303058
12.166908000000083,8474.576271181952
12.167518000000083,10362.69430050032
12.172691000000086,10443.864229758352
12.173097000000086,10416.666666656249
12.173457000000086,11095.700416082367
12.173865000000086,14869.888475820026
12.179925000000088,9184.84500573983
12.185795000000088,8483.563096489299
12.18744500000009,8762.322015328231
12.19103700000009,8705.114254627717
12.19164100000009,9523.809523807551
12.19975700000009,10349.28848640881
12.20026700000009,13093.289689012354
12.200530000000091,12658.227848075265
12.200878000000092,13651.877133101201
12.201162000000092,16949.152542363903
12.201464000000092,21680.216802112092
12.201634000000093,16460.905349779656
12.201833000000093,15594.541910338568
12.202120000000093,20725.388601096016
12.202346000000093,20100.502512624014
12.202506000000092,14414.414414406487
12.202744000000092,16359.91820041028
12.203061000000092,22099.447513867995
12.203233000000091,25396.825396784334
12.203423000000091,24922.11837995765
12.203548000000092,21563.342317987725
12.203744000000093,22727.272727192652
12.203919000000093,24767.801857460337
12.204096000000094,27303.754266119635
12.204242000000095,28985.50724642944
12.204389000000095,29520.295202986
12.204518000000094,24316.109422441416
12.204660000000095,24691.358024624362
12.204847000000095,24316.109422441416
12.204984000000096,25641.025640945252
12.205176000000096,31620.5533595932
12.205296000000097,32786.88524585393
12.205429000000096,23323.61516029067
12.205540000000097,19753.08641972115
12.205772000000097,24844.72049684815
12.205945000000098,24242.424242428544
12.206094000000098,22857.142857196126
12.206275000000097,24242.424242428544
12.206444000000097,27874.564459915917
12.206605000000097,34482.75862062217
12.206731000000097,30303.03030287256
12.206837000000098,31128.40466910518
12.206995000000099,37209.30232545292
12.2070940000001,31372.549019484268
12.2072100000001,19230.76923070894
12.2073490000001,15503.875968960063
12.2076260000001,13422.818791950387
12.207865000000101,8695.652173923236
12.2082220000001,10126.58227847729
12.2087850000001,17467.248908294296
12.2090120000001,8648.6486486605
12.2099370000001,10610.07957558855
12.2104060000001,14285.714285711327
12.2106910000001,17937.21973093493
12.2109660000001,12718.60095389526
12.2111370000001,10695.187165778992
12.2115950000001,11204.481792711978
12.2118850000001,9650.180940877499
12.2123090000001,10075.566750618942
12.212714000000101,13157.894736848168
12.213103000000102,20460.35805633412
12.213322000000101,23255.813953600213
12.2134940000001,12658.227848110842
12.2136660000001,8298.755186724205
12.2141260000001,9864.364981519095
12.2146300000001,13769.36316698646
12.214937000000099,14678.899082598233
12.215211000000098,9269.988412525785
12.267936000000097,8421.052631582827
12.298172000000097,11851.85185186388
12.298571000000097,20512.820512849634
12.302124000000095,8088.978766426054
12.302657000000096,8359.45663532174
12.303113000000096,8988.76404494324
12.303614000000096,14981.273408238734
12.304003000000096,11816.838995575761
12.305535000000095,9389.671361501521
12.410494000000096,20253.16455690904
12.410766000000097,23809.52380946853
12.410889000000097,18018.018018022525
12.411102000000097,12176.560121792005
12.411333000000097,8752.735229760647
12.413321000000096,12718.60095389526
12.413586000000096,12364.760432786607
12.416353000000095,8088.978766440582
12.417149000000094,11904.761904765734
12.417342000000094,8264.462809914778
12.419118000000093,8714.596949887095
12.443330000000092,8948.545861291368
12.528141000000094,32128.514056203512
12.582615000000095,18264.84018261393
12.582752000000095,12048.192771076318
12.593871000000096,28070.175438609425
12.593996000000097,12519.561815344063
12.776461000000097,8097.165991906565
12.787668000000096,10554.0897097713
12.790227000000096,13913.043478228823
12.793295000000096,11958.146487289952
12.793498000000097,8888.888888892061
12.793964000000097,9400.705052869871
12.797904000000097,12820.512820509122
12.828263000000097,10204.081632660196
12.834097000000098,14184.39716310359
12.834337000000097,8810.572687216936
12.855274000000101,8238.928939239315
12.8562450000001,8528.784648190713
12.8591950000001,14159.292035400067
12.8594820000001,11577.424023158615
12.861424000000099,15355.086372334854
12.8628460000001,17278.617710587627
12.8654360000001,13745.704467362493
12.8658280000001,15355.086372387208
12.867631000000099,8705.114254610891
12.8694550000001,17777.777777749034
12.8697060000001,11851.85185183269
12.8699050000001,8695.652173906446
12.870381000000101,9467.455621301948
12.870825000000101,10217.113665386914
12.871226000000101,12987.012986995318
12.871608000000101,13289.036544835983
12.871842000000102,13223.140495863643
12.872210000000102,10884.353741487768
12.874238000000103,18390.80459764638
12.874503000000104,19230.76923070894
12.874673000000104,10282.776349609248
12.874919000000105,10037.641154323937
12.875451000000105,16032.064128212836
12.875716000000105,20151.133501192802
12.875950000000106,22346.368715064917
12.876113000000107,17738.359201774656
12.876308000000106,9467.455621301948
12.876564000000107,8196.7213114784
12.877153000000106,12383.900928798275
12.877540000000106,11034.482758632888
12.877799000000106,13986.013986013571
12.878265000000106,18306.63615561484
12.879663000000106,11713.03074669828
12.880107000000105,15624.999999984373
12.880346000000106,12307.692307687357
12.880619000000106,14209.591474254023
12.880996000000106,15037.593984969335
12.881182000000106,11994.002998501232
12.882622000000106,10796.221322542086
12.883221000000106,22662.889518382024
12.883363000000106,8438.818565391415
12.884311000000107,8547.008547014193
12.885056000000107,21220.159151277083
12.885247000000106,23598.82005909904
12.885433000000106,17857.142857195802
12.885586000000105,9768.009768010923
12.885881000000104,11204.481792711978
12.886405000000105,17467.248908294296
12.888637000000104,13793.10344829111
12.889053000000104,23054.755043250712
12.889217000000103,16701.4613778587
12.889400000000103,10256.41025640146
12.889696000000104,8154.943934764983
12.890180000000104,11887.072808337987
12.892535000000102,8146.639511197626
12.893320000000102,12213.740458013921
12.893517000000102,10256.41025640146
12.893975000000102,15037.593984969335
12.894297000000103,12195.121951232082
12.898036000000102,10752.68817205472
12.898438000000102,12882.4476650429
12.898780000000102,13157.894736809725
12.899059000000102,11747.43024963024
12.942306000000105,11080.332409977404
12.942748000000105,13722.126929658416
12.943028000000105,9039.548022596351
12.947549000000103,36697.247706675
12.947633000000103,26315.789473696335
12.947767000000102,13093.289689012354
12.950871000000102,11461.318051578142
12.955579000000101,8255.933952517049
12.956143000000102,11379.800853461553
12.956846000000104,8958.566629343433
12.957641000000104,18912.529550844498
12.957739000000103,12598.42519683394
12.958064000000103,16460.905349779656
12.958374000000104,21505.376344058095
12.961145000000105,18518.518518519035
12.961345000000104,22346.368715064917
12.961577000000105,22598.870056513555
12.961703000000105,19138.75598087006
12.961931000000105,17316.017315993755
12.962121000000105,14678.89908255039
12.964803000000105,12618.296529972407
12.965004000000105,12924.071082420332
12.965437000000104,24767.80185759655
12.965623000000104,33613.44537796868
12.965760000000104,31249.999999968746
12.965861000000105,18140.58956921935
12.966016000000105,10680.907877183812
12.970109000000104,18099.547511328212
12.970295000000103,18691.58878507167
12.970551000000103,17241.379310377088
12.970723000000103,13008.13008130483
12.971015000000103,11049.723756906888
12.973106000000103,14134.275618395079
12.973297000000102,8350.73068892935
12.973672000000102,8648.648648643892
12.974255000000102,8040.201005028074
12.976206000000102,12861.736334407204
12.976605000000102,13311.148086530666
12.978120000000102,9009.009008993242
12.979008000000103,12307.692307720992
12.979479000000103,14545.454545488445
12.979658000000102,13311.148086530666
12.980029000000101,14184.39716310359
12.980259000000101,15564.20233460638
12.980593000000102,22408.96358536821
12.980773000000102,11142.06128132332
12.980950000000103,8810.572687216936
13.013511000000104,10113.780025290305
13.021776000000104,21739.1304347871
13.024387000000104,11379.800853461553
13.031651000000107,8350.730688944834
13.032036000000106,8869.179600887328
13.035621000000107,15968.063872259867
13.037172000000107,19950.12468827454
13.037457000000106,22922.636103156285
13.037573000000107,19704.433497541486
13.037806000000106,18348.623853187986
13.037979000000107,16949.152542363903
13.038242000000107,25316.455696221685
13.038451000000107,18058.69074489501
13.038558000000107,11315.417256007551
13.041862000000107,22284.122562591507
13.042084000000107,21505.376344058095
13.042221000000108,14414.414414406487
13.042456000000108,15999.999999980446
13.042776000000108,15904.57256460783
13.042956000000109,15325.670498080373
13.043279000000108,16877.63713078283
13.043478000000109,14705.882352950479
13.044818000000108,9132.420091325484
13.046963000000108,16427.10472274341
13.047178000000109,14732.965009197134
13.04745000000011,18475.750577399653
13.04772100000011,30888.03088805627
13.047883000000109,34334.76394854123
13.04798000000011,19656.019656060318
13.049134000000109,9876.543209882233
13.050937000000108,8791.208791215551
13.051602000000107,11940.29850747152
13.051847000000107,9546.539379476144
13.053438000000106,14010.50788093549
13.053785000000106,18140.58956921935
13.054009000000105,11267.605633806525
13.054226000000105,10989.010989003351
13.054719000000105,17857.142857125
13.054954000000105,14388.489208598592
13.055167000000106,11747.43024963024
13.057305000000106,13769.363166944362
13.057658000000107,8781.55872667082
13.058569000000107,8791.20879119839
13.060719000000109,15355.086372387208
13.061057000000108,19047.619047615102
13.061240000000108,14010.507880891904
13.061477000000108,9456.264775402393
13.061811000000109,9280.74245940002
13.06232300000011,9852.216748770743
13.062673000000109,12364.760432752659
13.06313500000011,14953.271028057337
13.06332000000011,10430.247718386845
13.063670000000108,10113.780025267593
13.064087000000109,13864.818024224889
13.06446100000011,13355.592654398924
13.06466400000011,9248.554913284064
13.065529000000112,8048.289738427478
13.066316000000112,20408.163265320392
13.066523000000112,22038.567493106075
13.066708000000112,18140.58956914628
13.066886000000112,19753.08641972115
13.067149000000112,21390.374331507184
13.067291000000113,18390.80459764638
13.067523000000113,15209.125475265146
13.067726000000114,13377.92642140248
13.068049000000114,14981.273408238734
13.068324000000114,15999.999999980446
13.068583000000114,17204.30107526291
13.068824000000115,24844.720496985206
13.069048000000114,28880.86642612306
13.069146000000114,21739.1304347871
13.069325000000113,21276.595744621878
13.069514000000114,19900.497512382186
13.069701000000114,13114.754098360669
13.069916000000115,11267.605633806525
13.070311000000114,11851.85185183269
13.070626000000114,10178.117048349535
13.070986000000115,9840.098400995334
13.071412000000114,8519.70181043038
13.071799000000114,10738.255033553909
13.072351000000115,19370.460048426306
13.072544000000114,18867.924528273135
13.072764000000115,13651.877133101201
13.072968000000115,16129.032258062827
13.073350000000115,34934.497816724084
13.073464000000115,14035.087719304713
13.073579000000114,13377.92642140248
13.074034000000115,31372.549019702812
13.074177000000114,15325.670498080373
13.074289000000114,9163.80297823234
13.074699000000114,8556.14973261913
13.075162000000114,12176.560121759083
13.075634000000115,15414.258188806774
13.076153000000115,8800.880088008329
13.076939000000115,12987.012986995318
13.079648000000116,8781.55872667082
13.079985000000116,9987.515605481414
13.080559000000116,18223.23462414254
13.080786000000117,19370.460048426306
13.080998000000116,11510.79136690094
13.081693000000117,10230.179028120583
13.082255000000117,12499.999999987498
13.085274000000117,9049.773755664106
13.085742000000117,11958.146487289952
13.086158000000117,13311.148086491323
13.086411000000117,13745.704467320538
13.086759000000118,17057.569296349124
13.091545000000117,8676.789587860012
13.103877000000116,12461.059190047781
13.104388000000116,18604.651162803315
13.104519000000115,9501.18764845094
13.109099000000116,10989.010989003351
13.109465000000116,12480.499219936322
13.111065000000117,19851.11662529169
13.111241000000117,18475.75057732386
13.111468000000118,17467.248908294296
13.111674000000118,14184.397163148264
13.111926000000118,17777.77777781921
13.112238000000117,9205.983889530455
13.113107000000117,12364.760432752659
13.113548000000117,22038.567493106075
13.113754000000117,18735.362997650303
13.113911000000117,9720.534629399157
13.114181000000118,10973.936899866474
13.114734000000118,10666.666666666262
13.114910000000117,9962.64009963331
13.115484000000118,17167.381974270615
13.115713000000117,9815.950920231904
13.116528000000118,8290.155440423147
13.116999000000117,11976.047904205516
13.117493000000117,12578.616352199657
13.117667000000116,9546.539379476144
13.121918000000116,12987.012986995318
13.122190000000117,14760.147601493
13.122534000000117,9975.062344159363
13.126019000000117,8121.8274111674
13.182269000000113,31007.75193813362
13.182384000000113,28469.750889749666
13.182527000000112,25974.025973990636
13.182665000000112,23188.40579702416
13.182835000000113,13201.320131986697
13.191138000000112,8528.784648190713
13.199103000000111,8958.566629343433
13.199919000000111,25316.455696221685
13.19999600000011,13675.213675191564
13.200235000000111,12882.4476650429
13.200581000000112,17660.04415010029
13.202058000000111,11747.43024963024
13.202739000000111,8064.516129031414
13.21151100000011,8752.735229760647
13.21230800000011,32000.00000007458
13.21653600000011,14184.39716310359
13.223884000000112,11235.955056179051
13.226598000000111,12364.760432752659
13.234656000000111,18264.84018261393
13.234786000000112,11379.800853490307
13.238443000000112,8438.81856540723
13.238648000000111,8528.784648190713
13.239391000000111,16632.016632056624
13.241400000000109,9090.909090922938
13.242208000000108,53691.27516828162
13.243699000000106,14925.373134319614
13.248339000000106,8088.978766426054
13.249328000000107,11544.011544010633
13.249673000000106,11379.800853461553
13.250021000000107,19093.078758911815
13.250376000000108,15384.615384619707
13.250440000000108,13445.378151247685
13.250896000000107,33195.020746774484
13.251035000000108,31372.549019702812
13.251137000000108,19047.619047695665
13.251290000000107,15267.175572558806
13.251557000000107,19464.720194660596
13.251814000000106,32921.81069967964
13.251968000000106,20202.020202096282
13.252057000000105,21276.595744722395
13.252364000000105,61068.702290235226
13.252433000000105,50314.46540879863
13.252495000000104,20671.834625327527
13.252592000000105,18604.651162803315
13.252882000000104,30888.03088805627
13.253022000000104,30534.351145117613
13.253141000000104,31007.75193813362
13.253284000000104,41884.81675411002
13.253399000000103,28469.750889749666
13.253475000000103,16326.53061227111
13.310643000000104,31746.03174606993
13.310743000000103,10884.353741487768
13.318330000000104,18390.80459772148
13.318411000000104,14787.43068391526
13.318765000000104,14760.147601444625
13.320665000000105,24024.02402393392
13.320852000000105,32653.06122430547
13.320998000000106,37914.69194309503
13.321097000000107,16597.51037344841
13.330160000000106,9888.751545113986
13.335319000000107,8412.197686656127
13.336270000000106,10471.204188478812
13.336937000000106,36363.636363544945
13.337034000000106,11887.072808306611
13.349001000000104,17543.85964913089
13.349198000000104,15094.339622656451
13.356258000000103,11799.41002948769
13.356595000000103,14260.249554338125
13.356936000000104,15209.125475265146
13.400977000000108,23121.387283328866
13.401225000000107,27397.260273976455
13.401323000000106,28469.750889569692
13.401517000000107,30888.03088805627
13.401604000000107,24242.424242428544
13.401776000000106,23738.8724035586
13.401934000000107,21621.621621713533
13.402113000000107,11661.807580175531
13.436758000000106,22346.368715064917
13.436910000000106,15238.095238104972
13.452452000000106,10416.666666680343
13.498371000000107,41884.81675372047
13.498479000000108,58823.529411994
13.498562000000108,64000.000000603904
13.498615000000108,53333.33333345763
13.498687000000107,49382.71604951947
13.498765000000107,43010.752688321576
13.498849000000106,40816.32653045582
13.498951000000107,46242.774566420325
13.499045000000107,60150.37593987734
13.499124000000107,57971.01449285888
13.499178000000107,13582.34295416585
13.510119000000106,18867.924528273135
13.510354000000106,19230.76923070894
13.540721000000108,10512.483574259591
13.553782000000108,9422.85041224367
13.56234200000011,17937.21973093493
13.56257900000011,12345.679012346023
13.56488600000011,9512.485136748472
13.56557500000011,24024.024024062073
13.56572700000011,18648.018648076006
13.569091000000109,8869.179600887328
13.571546000000108,12558.869701740005
13.571915000000107,15594.541910338568
13.572183000000107,11004.126547463196
13.610800000000108,10126.58227847729
13.615457000000108,29090.909090882935
13.615558000000108,10088.27238335662
13.619158000000109,13698.630136988228
13.620975000000108,18604.651162803315
13.631260000000108,39215.68627449193
13.633386000000108,21164.02116404662
13.71604700000011,14519.056261302894
13.71645900000011,30769.230769134305
13.716598000000111,23188.405797143554
13.716719000000111,12698.412698427972
13.71824600000011,26315.789473696335
13.718438000000111,14492.75362321472
13.71855000000011,8752.735229760647
13.71899000000011,10796.221322542086
13.71946400000011,15355.086372387208
13.71973100000011,13913.043478271804
13.71998500000011,11428.571428569063
13.72030600000011,8771.929824548359
13.72068500000011,10512.483574235051
13.72121800000011,14519.056261349702
13.72144600000011,15999.999999980446
13.73762300000011,9237.875288680878
13.738286000000109,10695.187165753592
13.753208000000107,8138.351983725497
13.758326000000107,11188.811188790009
13.758731000000108,15779.092702147798
13.759041000000108,11095.700416082367
13.762145000000109,8938.547486034837
13.76982500000011,18433.179723490943
13.770115000000109,33195.020746774484
13.77025900000011,18058.69074489501
13.77220600000011,9779.951100236709
13.778041000000114,12638.23064773381
13.778343000000113,8281.573498964612
13.782385000000113,15533.980582522969
13.782656000000113,9864.364981497489
13.786060000000115,12139.605462843552
13.786642000000114,20942.408376957625
13.786719000000113,10243.277848889395
13.787024000000114,13605.442176859711
13.787500000000115,30418.25095053029
13.787612000000115,18957.345971547515
13.787763000000115,22988.50574719879
13.788034000000115,54421.768708096475
13.788111000000114,53333.33333345763
13.788181000000113,52980.132450093115
13.788261000000114,47058.82352922641
13.788332000000114,44692.73742990807
13.788431000000115,11034.482758605853
13.788511000000115,10869.56521739355
13.791529000000114,8056.39476333422
13.796756000000116,12519.561815344063
13.797117000000116,9569.37799043503
13.797395000000115,9205.983889530455
13.797953000000115,16260.162601642778
13.798264000000115,21798.365122681378
13.798445000000115,19753.086419807787
13.798631000000114,11049.723756906888
13.798850000000114,8781.55872667082
13.799355000000114,14519.056261349702
13.799761000000114,26143.790849661284
13.799906000000114,20725.38860100064
13.800067000000114,9111.61731207127
13.800292000000114,8771.929824565445
13.800945000000114,23255.813953480127
13.801204000000114,29411.76470580492
13.801289000000114,32258.064516010127
13.801476000000115,49999.99999967244
13.801537000000115,47337.27810660925
13.801636000000116,40404.040404192565
13.801706000000115,26315.789473696335
13.801834000000115,15384.615384619707
13.802010000000115,13513.51351353041
13.802354000000115,24767.80185759655
13.802602000000114,29850.74626863923
13.802677000000115,23188.405797143554
13.802870000000114,24691.358024759735
13.803022000000114,26143.790849813053
13.803194000000113,17094.017094028386
13.803328000000112,15936.254980051408
13.803662000000113,16032.064128269907
13.803830000000113,14897.57914340125
13.806158000000114,19370.460048426306
13.806454000000114,10403.120936280618
13.807773000000115,9248.554913284064
13.808313000000116,16806.722689047063
13.808638000000116,23054.75504313269
13.808789000000116,8264.462809914778
13.809757000000117,10376.134889749539
13.810460000000116,19138.75598087006
13.810528000000117,13536.379018612333
13.810878000000116,14842.300556541619
13.811119000000117,21978.021977953074
13.811417000000118,34782.608695625786
13.811483000000118,19230.76923079106
13.811647000000118,9019.165727164886
13.811899000000118,10709.50468540117
13.812534000000118,32520.32520340297
13.812646000000118,20408.163265320392
13.812780000000117,12345.679012346023
13.813038000000118,14109.347442675644
13.813428000000117,28169.014084445836
13.813605000000118,22471.910112358102
13.813712000000118,25078.36990601177
13.813961000000118,34188.03418818653
13.814031000000117,15238.095238104972
13.814195000000117,15037.593984969335
13.814556000000117,32128.514056203512
13.814727000000117,39800.99502476437
13.814805000000117,42328.04232789432
13.814928000000117,30418.25095053029
13.814994000000118,30534.351145117613
13.815191000000118,21680.216802216462
13.815256000000117,19277.108433722107
13.815560000000117,42105.26315791414
13.815671000000117,51282.05128247445
13.815750000000117,24390.243902464164
13.815827000000116,16393.442622926967
13.816078000000116,16877.63713078283
13.816315000000117,15655.577299428722
13.816552000000117,9009.009009011263
13.816826000000116,9367.681498825152
13.817440000000117,22988.505747081443
13.820450000000118,8447.729672650197
13.823268000000118,9546.539379476144
13.823686000000118,8958.566629343433
13.824579000000117,11379.800853490307
13.827070000000116,13245.033112601184
13.827567000000116,30534.351145117613
13.829712000000114,15473.887814303685
13.830018000000114,10914.051841741531
13.830229000000115,9673.518742430617
13.830751000000115,17505.47045948727
13.831056000000116,17094.017094028386
13.831208000000116,13223.140495863643
13.831524000000115,10025.062656646223
13.831813000000116,8908.685968825559
13.832322000000115,11869.4362017793
13.832711000000115,8830.022075050145
13.832996000000115,9174.311926593993
13.833617000000116,15810.276679852102
13.833868000000116,16597.51037344841
13.834123000000115,15122.873345929333
13.834350000000116,16032.064128269907
13.834652000000116,15473.887814303685
13.834849000000116,17429.193899740465
13.835169000000116,39024.39024368905
13.835308000000117,40816.32653045582
13.835374000000117,15873.01587297902
13.835504000000117,13793.103448248867
13.835878000000118,15503.875968960063
13.836084000000119,11331.444759191012
13.837534000000119,11111.11111112056
13.837978000000119,10376.134889749539
13.838254000000118,11611.030478933573
13.838749000000119,13816.92573402162
13.83894300000012,13201.320132025394
13.839328000000119,20000.000000046613
13.839549000000119,16666.666666680838
13.839728000000118,11764.705882337334
13.85259700000012,16597.510373387242
13.852800000000121,17241.379310311084
13.853079000000122,21276.595744722395
13.853264000000122,16771.488469662
13.853455000000121,11661.807580175531
13.874654000000122,40201.0050250686
13.885058000000122,17278.617710587627
13.888158000000121,12759.170653913374
13.888602000000121,23460.410557144103
13.888785000000121,9019.165727164886
13.90523100000012,9815.950920253299
13.91116000000012,17241.379310377088
13.911408000000119,26058.63192187579
13.911624000000119,34482.75862088619
13.911715000000118,27210.88435388383
13.911856000000117,15238.095238104972
13.917229000000118,9334.889148192611
13.917751000000118,9334.889148192611
13.918086000000118,10349.28848640881
13.918608000000118,21505.376344058095
13.918859000000118,8583.690987118947
13.919791000000119,10989.010989030165
13.920262000000118,13769.363166944362
13.920519000000118,8105.369807495059
13.92684500000012,20356.234096653065
13.92708000000012,16494.845360784646
13.92723800000012,11869.4362017793
13.947761000000117,27586.20689658222
13.962999000000115,10309.278350514003
13.963365000000115,14571.948998145515
13.963775000000116,28070.175438434468
13.963914000000116,14760.147601444625
14.030007000000118,9433.96226415633
14.040299000000118,9313.154831197278
14.040680000000119,9467.455621301948
14.04706300000012,14466.54611211506
14.04750700000012,17621.145374468342
14.04761600000012,9638.554216881683
14.050785000000118,8080.808080809515
14.051390000000119,11477.761836461039
14.053902000000118,11577.424023158615
14.054234000000118,15779.092702203083
14.054593000000118,15810.276679852102
14.054741000000117,9888.751545113986
14.064525000000117,12383.900928798275
14.064972000000116,24767.80185759655
14.065171000000117,14260.249554383277
14.066623000000115,16194.33198381313
14.088180000000115,27210.884353719423
14.088348000000115,26936.026936047827
14.088474000000115,23809.52380946853
14.088645000000115,25157.232704399314
14.088810000000116,27681.66089978315
14.088963000000115,15384.615384619707
14.089099000000115,9367.681498825152
14.101274000000116,24922.11837995765
14.101439000000116,27118.644067680187
14.101595000000117,28368.79432620718
14.101734000000118,20356.234096745073
14.101877000000117,21333.333333332524
14.102127000000117,25559.105431291144
14.102252000000117,11644.832605544585
14.117061000000117,9523.809523807551
14.117426000000117,14184.397163148264
14.117901000000117,22535.21126766943
14.117990000000116,15180.265654650564
14.118256000000116,22598.870056513555
14.118517000000116,34482.75862062217
14.118610000000116,19138.75598078873
14.127636000000116,17021.276595745752
14.127766000000117,8705.114254627717
14.138332000000117,9302.325581382443
14.142928000000119,22408.96358536821
14.14313600000012,18648.018647998793
14.14328500000012,11695.906432753927
14.14356500000012,9280.74245940002
14.150491000000121,8820.286659318674
14.15093100000012,10596.026490068483
14.151398000000121,10680.907877183812
14.15168600000012,12618.296529972407
14.15214700000012,18691.58878507167
14.15232000000012,14466.54611211506
14.15257500000012,8859.357696557321
14.15287300000012,8888.888888892061
14.15347800000012,11267.605633806525
14.15377300000012,8130.081300806712
14.161694000000123,17505.47045948727
14.161962000000123,12618.296529972407
14.162151000000124,9163.802978250986
14.162596000000123,10101.010101025486
14.163024000000123,9060.022650056962
14.163388000000122,8781.55872667082
14.173011000000121,9603.841536613681
14.173560000000121,10296.010295995218
14.190697000000123,8781.558726687945
14.191398000000122,13333.333333364408
14.21957100000012,11922.503725772956
14.22024200000012,8565.310492513587
14.221019000000119,14362.65709154686
14.221176000000119,9708.737864060111
14.22157600000012,13468.013467983637
14.22200000000012,25974.025973990636
14.222170000000121,17094.017094028386
14.22230800000012,12383.900928798275
14.22263800000012,13651.877133101201
14.22295400000012,12861.736334407204
14.22322400000012,12678.288431056377
14.22357600000012,9195.402298841966
14.224446000000121,8938.547486034837
14.22524700000012,18348.623853187986
14.225341000000121,11627.906976740063
14.22568300000012,14545.454545441467
14.226029000000121,9696.969696960978
14.227290000000123,9101.251422076664
14.228014000000123,23391.812865507854
14.23443200000012,8032.1285140652035
14.23542800000012,9569.37799043503
14.23609700000012,16771.488469599542
14.23626400000012,15180.265654650564
14.23657400000012,10243.277848912692
14.23679100000012,9975.06234413727
14.23735500000012,12461.059190047781
14.241301000000119,18648.018647998793
14.241555000000119,15009.380863017355
14.24324000000012,19370.460048426306
14.24351000000012,24999.999999974996
14.24365300000012,9756.097560964532
14.24383000000012,8113.590263683112
14.24915000000012,9049.773755645921
14.25085500000012,14953.271028057337
14.25123500000012,22727.272727307343
14.25139000000012,12718.60095389526
14.25158700000012,8898.776418238263
14.25386800000012,14705.882352950479
14.25422600000012,16949.15254242769
14.25441200000012,11142.061281350885
14.260224000000118,11976.047904173669
14.260717000000119,23054.755043250712
14.26089200000012,18058.690744967425
14.261064000000118,20512.820512849634
14.261335000000118,26755.85284280496
14.261454000000118,21447.72117963992
14.261634000000118,27027.027027141918
14.261827000000117,25316.455696221685
14.261930000000117,12965.96434359617
14.262143000000117,16032.064128269907
14.262547000000117,28169.014084445836
14.262642000000117,21798.36512257587
14.262831000000117,24096.385542152635
14.263009000000118,22662.889518382024
14.263163000000118,14159.292035400067
14.263362000000118,10416.666666680343
14.263728000000118,11494.252873570058
14.264130000000117,14336.917562728218
14.264424000000117,12084.59214501214
14.264688000000117,11188.811188790009
14.265086000000117,14311.270125201485
14.265403000000118,11976.047904205516
14.265645000000118,10037.64115434631
14.266071000000117,8928.5714285802
14.266442000000117,9864.364981519095
14.266967000000117,16597.51037344841
14.267253000000116,16064.257028101756
14.267449000000116,14492.75362321472
14.267751000000116,10000.0000000011
14.275276000000115,11940.29850747152
14.275670000000115,15748.031496064452
14.275946000000115,9356.725146203142
14.279338000000115,10471.204188478812
14.279731000000115,11004.126547463196
14.282477000000116,20512.820512756203
14.282749000000116,32258.064516010127
14.282867000000117,21798.36512257587
14.282997000000117,17977.5280898506
14.283234000000117,15414.258188806774
14.283442000000118,10075.566750641483
14.283753000000118,8032.1285140652035
14.284236000000117,9523.809523807551
14.284749000000117,11004.126547436308
14.285076000000117,13605.442176859711
14.285476000000118,19607.843137245964
14.285664000000118,17817.371937651118
14.285884000000118,13745.704467362493
14.286113000000118,15594.541910338568
14.286466000000118,28268.551236790157
14.286626000000117,23738.8724035586
14.286749000000118,21857.923497288997
14.286963000000117,21164.02116404662
14.287115000000117,15594.541910338568
14.287341000000117,12924.071082383243
14.287628000000117,18140.58956914628
14.287960000000117,16494.84536084506
14.288069000000117,12345.679012346023
14.288445000000117,11080.332409950142
14.288717000000117,10000.0000000011
14.289167000000118,8205.128205139854
14.289517000000117,8620.689655172044
14.290142000000117,15936.254980051408
14.299508000000118,31620.5533595932
14.33303900000012,20050.125313292447
14.352886000000119,40404.040404192565
14.373396000000119,31620.5533595932
14.37359700000012,33755.27426156566
14.37364900000012,27972.027971940275
14.37383400000012,34782.608695625786
14.37393500000012,29411.764705997
14.38333500000012,18604.651162803315
14.38360100000012,29962.546816577138
14.38376500000012,19230.76923079106
14.40158100000012,27027.027027141918
14.401698000000119,16736.401673664244
14.471164000000117,9334.889148192611
14.511615000000116,8072.653884957739
14.512073000000116,8088.978766426054
14.750742000000114,8368.200836816573
14.816910000000115,29304.02930403277
14.817027000000115,15841.584158402611
14.817183000000115,8163.265306120758
14.822204000000117,17094.017094028386
14.836869000000117,9142.85714286917
14.837261000000117,10989.010989030165
14.840602000000116,9280.74245940002
14.841354000000116,13445.378151287825
14.841464000000116,9569.37799043503
14.847470000000117,8686.21064060851
14.847974000000116,9673.518742430617
14.848391000000117,14953.271028007688
14.848801000000117,19607.843137245964
14.848926000000118,10335.917312663763
14.851385000000118,28673.835125547717
14.852829000000117,8298.755186708913
14.853222000000118,8376.963350775259
14.853793000000119,10126.58227847729
14.85533900000012,11695.906432753927
14.858784000000119,49689.440994244535
14.858875000000118,28268.551236790157
14.858945000000118,13816.92573402162
14.861489000000118,8342.022940563676
14.862107000000117,11347.517730497168
14.867463000000118,16842.105263165653
14.902938000000118,13223.140495863643
14.903369000000119,16949.152542363903
14.911768000000118,24096.38554228156
14.911966000000117,29411.764705997
14.921559000000116,17977.52808992236
14.921868000000115,17021.276595745752
14.922004000000115,14678.89908255039
14.922338000000115,15296.367112828693
14.922549000000116,10484.927916131832
14.922861000000115,9334.889148192611
14.923312000000115,10582.01058202331
14.923718000000115,12158.05471125353
14.924068000000114,11782.032400591286
14.924376000000114,10126.58227847729
14.926887000000114,9153.31807780742
14.927379000000114,10139.416983532925
14.931877000000114,12558.869701740005
14.932132000000113,8592.910848553905
14.932514000000113,8602.150537631454
14.933063000000113,8483.563096489299
14.937302000000114,14897.57914340125
14.937437000000115,10389.610389620222
14.937839000000114,10443.864229758352
14.938207000000114,8138.351983725497
14.939190000000114,8714.596949887095
14.939711000000115,9580.838323349126
14.940108000000114,9280.742459380896
14.942863000000116,10349.288486432593
14.943305000000116,14842.300556590535
14.943636000000115,16129.032258062827
14.943844000000116,16666.666666680838
14.944132000000115,22727.272727307343
14.944324000000115,18823.52941176924
14.944484000000115,8686.21064060851
14.944749000000115,9163.802978250986
14.945405000000115,24844.720496985206
14.945622000000114,24691.358024759735
14.945727000000113,8247.42268042253
14.954704000000113,8438.81856540723
14.960295000000112,21857.923497288997
14.960566000000112,25889.967637568046
14.960661000000112,20725.388601096016
14.960875000000112,23809.523809594404
14.96104700000011,19950.12468827454
14.96121100000011,16194.33198381313
14.96144800000011,13536.379018612333
14.96170500000011,10012.51564454742
14.962039000000111,9324.009323999397
14.964280000000112,8016.032064120685
14.964913000000113,10088.27238335662
14.972868000000112,16460.905349779656
14.973076000000113,12326.656394467562
14.973354000000112,17094.017094028386
14.973725000000112,34334.76394854123
14.973822000000112,25806.451612992943
14.985981000000109,9937.888198761188
