Time,Frequency
0.000107,36697.24770642202
0.000216,36529.68036529681
0.000325,36363.636363636375
0.00043499999999999995,35874.439461883405
0.0005449999999999999,35555.55555555555
0.000658,35555.55555555555
0.00077,35087.71929824561
0.000883,34934.497816593896
0.000998,34632.03463203465
0.001112,34188.03418803421
0.0012289999999999998,33898.30508474578
0.0013459999999999998,33898.30508474578
0.0014649999999999997,34042.553191489365
0.0015819999999999996,33613.44537815127
0.0016999999999999997,32921.81069958849
0.0018199999999999996,33057.85123966942
0.0019429999999999996,32921.81069958849
0.0020619999999999996,32388.66396761136
0.0021859999999999996,32520.325203252072
0.0023089999999999994,32388.66396761136
0.0024319999999999993,31872.509960159372
0.0025559999999999992,31620.553359683825
0.002682999999999999,31372.549019607894
0.002808999999999999,31372.549019607894
0.0029379999999999988,31372.549019607843
0.0030639999999999986,31128.404669260664
0.003192999999999999,31007.7519379845
0.003320999999999999,30888.030888030873
0.0034509999999999988,30888.030888030873
0.003579999999999999,30651.34099616859
0.003709999999999999,30651.34099616859
0.003840999999999999,30418.250950570316
0.003970999999999999,30075.187969924744
0.004103999999999999,30075.187969924744
0.0042369999999999994,30075.187969924744
0.00437,29850.746268656716
0.004503,29739.776951672848
0.004638,29739.776951672848
0.004772,29629.629629629693
0.004907,29304.029304029325
0.005042,29304.029304029325
0.00518,29411.76470588239
0.005314999999999999,29304.029304029325
0.005451999999999999,29197.08029197081
0.005587999999999999,28985.50724637679
0.005725999999999999,28776.97841726614
0.005863999999999999,28673.835125447968
0.006004,28776.97841726614
0.006143,28673.835125447968
0.006282,28469.750889679715
0.006422000000000001,28268.551236749176
0.006563,28070.175438596525
0.006705,27777.77777777777
0.006848,27777.77777777777
0.006993,28070.175438596525
0.007136,28070.175438596525
0.007278,27972.02797202799
0.007421,27681.66089965396
0.0075639999999999995,27681.660899653878
0.00771,27874.564459930236
0.007853,27491.408934707943
0.007997,27491.408934707943
0.008144,27972.02797202799
0.008288,27874.564459930403
0.00843,28268.551236749263
0.008575,23460.4105571848
0.008712999999999999,21798.365122615847
0.008915999999999999,23460.4105571848
0.009079999999999998,15325.670498084295
0.009256999999999998,13793.103448275846
0.009601999999999998,22408.963585434085
0.009836999999999999,20997.375328083926
0.009958999999999999,17977.5280898876
0.010218,20779.220779220785
0.010404,25236.593059936942
0.010603,30418.25095057042
0.010721,22988.50574712648
0.010865999999999999,24922.118380062297
0.011068999999999999,28268.551236749092
0.011186999999999999,28070.175438596438
0.011352,33898.30508474575
0.011472,32258.064516129038
0.011588,18912.529550827432
0.01172,14519.056261343028
0.012010999999999999,20151.133501259457
0.012270999999999999,29739.776951672848
0.012407999999999999,30769.23076923079
0.012539999999999999,23529.41176470588
0.012667999999999999,17937.219730941695
0.012879999999999999,22346.368715083758
0.013113999999999999,31496.06299212589
0.013238,31128.404669260664
0.013368,32520.325203252072
0.013495,32128.514056225
0.013614,31620.553359683825
0.013744,16736.401673640194
0.013866999999999999,12841.09149277688
0.014221999999999999,20151.13350125937
0.01449,25236.593059936804
0.014619,24615.384615384566
0.014807,29197.08029197081
0.014944,27397.260273972548
0.015081,27586.206896551692
0.015236000000000001,21621.62162162159
0.015371000000000001,19950.124688279288
0.015606000000000002,26229.508196721337
0.015772,24539.877300613505
0.015911,25316.455696202505
0.016098,23188.405797101346
0.016227000000000002,22038.567493112812
0.016443000000000003,28070.175438596438
0.016590000000000004,29090.90909090899
0.016728000000000003,29090.90909090899
0.016865000000000005,24999.999999999935
0.017003000000000004,24922.118380062162
0.017185000000000006,28776.97841726614
0.017324000000000006,29197.08029197081
0.017463000000000006,25974.025974026037
0.017598000000000006,25889.96763754043
0.017771000000000006,23952.095808383165
0.017907000000000006,21390.37433155084
0.018105000000000007,13745.704467353971
0.018281000000000006,14519.056261343028
0.018687000000000006,28169.01408450709
0.018832000000000005,28673.835125447877
0.018971000000000005,17621.145374449356
0.019111000000000006,15037.59398496247
0.019425000000000005,13355.592654424066
0.019643000000000004,12578.616352201303
0.020024000000000004,20100.502512562864
0.020279000000000002,14311.270125223602
0.020422000000000003,13490.725126475552
0.020838000000000002,13651.877133105809
0.021015000000000002,10796.221322537132
0.021424000000000002,16736.401673640194
0.021756,28070.175438596438
0.021902,24390.243902438884
0.022041,15655.577299412884
0.022230000000000003,11331.444759206826
0.022552000000000003,13864.818024263488
0.022936,16736.401673640194
0.023129,19138.755980861166
0.023414,29520.295202951984
0.023547000000000002,10709.504685408334
0.023685,9791.921664626703
0.024294,16064.2570281125
0.024502,14869.888475836424
0.024791999999999998,19093.078758949756
0.02504,13136.288998357923
0.025211,13008.130081300793
0.025649,25316.455696202505
0.025826,22598.870056497166
0.025965000000000002,15355.086372360825
0.026180000000000002,14159.292035398243
0.026486000000000003,14787.430683918674
0.026745,13114.754098360669
0.027027000000000002,15564.202334630438
0.027355,24539.877300613505
0.027541,24999.999999999935
0.027681,20253.16455696205
0.027861,13289.036544850534
0.028076,14159.292035398243
0.028463,18518.518518518442
0.028641,14787.430683918674
0.028895,17897.091722595098
0.029182,13223.14049586774
0.029342,12139.605462822461
0.029787,15625.000000000044
0.030001,16528.92561983477
0.030299,16985.138004246313
0.030484999999999998,14625.228519195642
0.03077,20833.33333333339
0.031031999999999997,26936.026936027058
0.031153999999999998,23391.812865497173
0.031328999999999996,17582.417582417696
0.031495999999999996,18648.0186480187
0.03178399999999999,29850.746268656232
0.031924999999999995,23391.812865496937
0.032052,16985.138004246313
0.032267,21333.333333333314
0.032522999999999996,24767.801857584844
0.032642,22284.122562673776
0.032846,26666.66666666652
0.033001,22222.22222222227
0.033146,22792.022792022977
0.033361,21798.365122615847
0.033497,22160.664819944584
0.033728,20565.552699228767
0.033858,16949.152542372874
0.034117,23529.41176470588
0.03433,29629.629629629693
0.034457,28673.83512544859
0.0346,29739.776951673037
0.034735999999999996,31496.062992125462
0.034869,32128.514056224103
0.03499,30188.679245282867
0.035118,29304.02930402979
0.035255,20202.020202020176
0.035391,20408.163265305942
0.035651,30075.187969924547
0.035783,29962.546816479025
0.035917000000000004,30188.679245282867
0.036050000000000006,15180.265654648965
0.036182000000000006,13490.725126475632
0.036577000000000005,23529.41176470588
0.036775,19999.999999999774
0.036917000000000005,12698.412698412727
0.03717500000000001,15473.887814313448
0.037547000000000004,27972.027972027823
0.037692,28070.175438596438
0.037833000000000006,27874.56445993074
0.037977000000000004,28070.175438596438
0.03812,27681.660899653547
0.038262000000000004,23880.59701492523
0.038409000000000006,24242.424242423956
0.038597000000000006,28368.794326240684
0.03873900000000001,12882.447665056288
0.03887900000000001,12779.55271565492
0.03936000000000001,27681.66089965421
0.03950500000000001,27777.777777778105
0.03964900000000001,27681.66089965421
0.03979300000000001,24539.877300613505
0.03993800000000001,24844.72049689419
0.04011900000000001,13745.704467353971
0.04026000000000001,13769.363166953572
0.04070100000000001,25236.59305993708
0.04084100000000001,15296.367112810833
0.041018000000000006,16597.51037344411
0.041364000000000005,28571.428571429027
0.0415,27777.777777778105
0.041644,22038.567493113234
0.041788,22222.22222222227
0.042006999999999996,22099.44751381208
0.042148,22284.122562674205
0.042369,16736.401673640194
0.042506999999999996,11331.444759206826
0.042846999999999996,10037.641154328745
0.043212999999999994,10139.416983523473
0.043643999999999995,13937.282229965202
0.04400199999999999,18823.529411764626
0.04421799999999999,14760.147601475992
0.044426999999999994,12698.412698412727
0.044759999999999994,13769.363166953572
0.04666399999999999,14519.056261342937
0.04703899999999999,22535.211267605562
0.13641200000000003,8820.286659316514
0.13676200000000002,9501.18764845595
0.13731900000000002,13136.288998357997
0.13760400000000003,11747.430249633115
0.13792800000000002,11049.72375690604
0.13828500000000002,8298.755186722055
0.153225,11594.202898550322
0.36087199999999986,8154.9439347608295
0.3642699999999998,9512.485136742192
0.3646229999999998,10126.582278480848
0.3651109999999998,11799.410029498318
0.3654129999999998,9900.990099010203
0.4628819999999999,22598.870056495838
0.4630429999999999,26666.66666666467
0.4632359999999999,32128.514056225
0.46334299999999995,28571.428571428318
0.4634849999999999,28268.5512367458
0.46362299999999995,25236.593059935974
0.46376799999999996,24922.118380061085
0.46393999999999996,24464.831804279722
0.464089,27027.027027025342
0.464267,30075.187969926115
0.464385,29629.629629630457
0.464533,32388.6639676117
0.464655,32786.885245906145
0.46477999999999997,33333.333333338545
0.46489899999999995,32520.3252032562
0.46501999999999993,28368.794326240684
0.4651449999999999,27874.5644599267
0.46530199999999994,31872.50996015921
0.46543199999999996,25078.3699059594
0.46555299999999994,22471.910112361606
0.4657509999999999,12965.964343598504
0.4659089999999999,11577.424023154896
0.4663679999999999,20151.13350125761
0.4665999999999999,24169.184290028334
0.46676499999999993,23952.095808383165
0.46693099999999993,26058.63192182396
0.46709899999999993,29197.08029197118
0.46723799999999993,23529.4117647054
0.4673729999999999,21164.021164021753
0.46757799999999994,19323.671497585943
0.4677509999999999,14336.917562723938
0.4679919999999999,15267.175572518372
0.46989099999999995,17094.017094018247
0.47012399999999993,14571.948998179403
0.4703589999999999,12441.679626749521
0.4706729999999999,14414.414414413695
0.4710019999999999,22792.02279202343
0.4712279999999999,32000.000000003525
0.4713529999999999,31872.50996015921
0.4714779999999999,31128.404669259824
0.4716039999999999,23809.523809523598
0.4717349999999999,13559.322033897502
0.4719399999999999,15594.541910330132
0.47232499999999994,12364.760432766449
0.47245299999999996,8447.729672650692
0.47297199999999995,14440.433212996417
0.47339999999999993,22284.122562674205
0.47352599999999995,20356.23409669332
0.47375899999999993,14260.249554367756
0.4739189999999999,13536.379018612333
0.4743199999999999,22284.122562674205
0.47450999999999993,25316.455696203895
0.4746789999999999,14981.273408238734
0.4748259999999999,10810.810810810543
0.47521299999999994,10540.184453227797
0.47556599999999993,10037.641154328832
0.47597199999999995,11331.444759207048
0.4763629999999999,15065.913370998012
0.47667799999999994,20887.72845953184
0.47689399999999993,26936.026936027687
0.4770609999999999,18561.48491879287
0.4771909999999999,12965.964343598504
0.4774919999999999,18018.01801801802
0.4778079999999999,25889.967637540143
0.4779359999999999,15238.095238095306
0.4781169999999999,12578.616352200756
0.4784609999999999,9696.96969696946
0.47875299999999993,10362.694300518204
0.47928599999999993,9378.663540445566
0.4816619999999999,8639.308855291742
0.4819719999999999,10309.278350515478
0.4825879999999999,11188.811188810858
0.4827479999999999,10152.28426395925
0.4833029999999999,9153.318077803351
0.5183509999999998,8639.308855291742
0.634031,31250.000000009404
0.634161,34632.034632037445
0.6342869999999999,37558.685446006086
0.634392,37558.685446006086
0.6345,37558.685446006086
0.634605,36697.24770641335
0.634713,36697.24770641335
0.634823,36866.359447000745
0.634931,36036.03603602703
0.63504,35555.5555555507
0.6351530000000001,35242.29074890222
0.6352650000000001,35087.719298244694
0.6353800000000001,34782.60869564257
0.6354930000000001,34042.553191491505
0.6356100000000001,34188.03418804055
0.6357280000000001,30075.187969926115
0.6358440000000001,29520.295202949717
0.6359940000000001,33472.80334728184
0.6361150000000001,32921.8106995894
0.636233,32128.51405621784
0.6363580000000001,32786.88524589869
0.6364820000000001,32000.000000003525
0.6366020000000001,31620.55335969033
0.6367320000000001,32258.064516125654
0.6368550000000001,31746.03174602797
0.6369800000000001,30534.35114503998
0.6371070000000001,31372.549019607202
0.6372420000000001,31128.4046692531
0.6373620000000001,30303.030303025484
0.6374990000000001,31128.40466926655
0.6376260000000001,30188.679245287607
0.6377560000000001,29629.629629630457
0.6378910000000001,29411.764705876947
0.6380260000000001,30418.250950568814
0.6381630000000001,30534.35114503998
0.6382890000000001,29090.90909090642
0.6384250000000001,29520.295202949717
0.6385640000000001,29850.746268651594
0.6386960000000002,28776.97841726614
0.6388320000000002,27303.75426621275
0.6389740000000002,29197.08029197118
0.6391250000000002,30188.679245287607
0.6392480000000001,28368.794326240684
0.6393900000000001,28880.866425984153
0.6395300000000002,28571.428571422653
0.6396670000000002,27586.20689655054
0.6398100000000002,28169.014084500894
0.6399570000000002,27972.027972027143
0.6400940000000003,27210.884353750247
0.6402430000000002,27397.260273976455
0.6403880000000002,25316.455696203895
0.6405350000000002,27777.77777778212
0.6407040000000002,31007.751937986843
0.6408230000000001,31496.062992128904
0.6409620000000001,31496.062992128904
0.6410770000000001,29629.629629630457
0.6412160000000001,29520.295202949717
0.6413470000000001,28673.835125445024
0.6414870000000001,30534.35114503998
0.6416260000000001,32653.061224497833
0.6417490000000001,35242.29074890222
0.6418710000000001,36866.359447000745
0.6419760000000001,32128.51405621784
0.6420880000000001,30888.03088802979
0.6422250000000002,26402.640264031437
0.6423470000000001,22662.88951841766
0.6425280000000001,25078.3699059594
0.6427,28880.86642599573
0.6428470000000001,30888.03088802979
0.642977,24922.118380061085
0.6431060000000001,25000.00000000102
0.643298,27210.884353739973
0.643426,21563.342318058705
0.643592,23391.812865492666
0.6437970000000001,29629.629629618274
0.6439340000000001,30769.230769226273
0.6440670000000002,32000.000000003525
0.6441940000000002,25641.02564102737
0.6443170000000001,26490.066225163417
0.6445060000000001,31999.999999989315
0.6446190000000002,32520.325203241526
0.6447560000000002,36363.636363636695
0.6448650000000002,36199.09502262006
0.6449760000000002,35874.43946186986
0.6450860000000003,35555.5555555507
0.6451990000000003,35555.5555555507
0.6453110000000003,33755.27426159729
0.6454240000000003,31128.4046692531
0.6455480000000003,31249.999999995853
0.6456810000000004,26402.640264031437
0.6458040000000004,22857.142857145376
0.6459840000000003,26143.79084967077
0.6461540000000003,29197.08029197118
0.6462900000000004,31746.031746041957
0.6464280000000003,35242.29074890222
0.6465420000000003,32128.51405621784
0.6466550000000003,28268.5512367458
0.6467910000000003,29090.90909090642
0.6469380000000003,31128.4046692531
0.6470660000000004,32653.061224483034
0.6471950000000004,32520.3252032562
0.6473110000000004,24922.118380061085
0.6474410000000004,23809.523809523598
0.6476320000000004,28169.014084511906
0.6477770000000004,28673.835125445024
0.6479160000000004,27681.66089965554
0.6480560000000004,27777.77777778212
0.6482050000000004,24242.424242420388
0.6483440000000004,24096.38554216875
0.6485350000000004,25157.232704408096
0.6486760000000004,18518.518518519035
0.6488530000000003,19656.019656017423
0.6491080000000004,27397.260273966036
0.6492600000000004,28673.835125445024
0.6494000000000004,28268.5512367458
0.6495390000000004,28169.014084500894
0.6496830000000005,27586.20689655054
0.6498230000000005,27303.75426621275
0.6499730000000005,20253.16455696027
0.6501160000000005,13986.013986013571
0.6503680000000005,16260.1626016281
0.6506880000000005,19323.671497588533
0.6508600000000004,16227.180527384497
0.6511020000000004,19417.47572815685
0.6513530000000004,20942.40837696371
0.6515140000000004,16736.40167364092
0.6517350000000004,19184.652278177426
0.6519920000000003,15094.339622640642
0.6521520000000004,12176.560121765255
0.6525220000000004,16129.032258062827
0.6528090000000004,22535.211267606002
0.6530180000000004,25559.105431309275
0.6531640000000004,17582.41758241823
0.6533310000000004,16701.461377870313
0.6536190000000004,22160.66481994118
0.6538100000000004,21164.021164021753
0.6539800000000004,17316.017316018722
0.6541880000000004,20725.388601036408
0.6544420000000004,23880.59701492721
0.6545740000000004,15065.913370999588
0.6547770000000004,15325.670498083633
0.6551050000000004,23668.639053250205
0.6552990000000004,22471.910112358102
0.6554430000000004,17429.193899782622
0.6556550000000004,16129.032258062827
0.6559020000000004,13675.213675212326
0.6561510000000005,13468.013468013844
0.6564870000000005,17167.381974250162
0.6567450000000005,16129.032258066436
0.6569530000000005,11126.564673158491
0.6572410000000004,11782.032400589358
0.6576720000000004,20725.388601036408
0.6579200000000004,28880.86642599573
0.6580580000000004,21108.17941952405
0.6581970000000004,21505.37634408377
0.6584370000000004,20779.22077922247
0.6585690000000004,17391.304347829682
0.6588220000000004,14814.814814815229
0.6590290000000003,12158.054711245324
0.6593620000000003,15122.873345935679
0.6596870000000004,10624.169986719735
0.6598910000000003,9900.990099009523
0.6604400000000004,18604.651162788905
0.6606990000000004,22598.870056492295
0.6608700000000004,25723.472668805225
0.6610530000000004,17660.044150108944
0.6611810000000005,16666.66666666542
0.6615060000000005,15267.17557251999
0.6616610000000005,14035.087719299245
0.6620300000000005,15037.593984963058
0.6622310000000005,13289.036544850687
0.6625620000000004,17094.01709401622
0.6628330000000004,18306.63615560554
0.6630300000000005,16701.461377870313
0.6632700000000005,15267.17557251999
0.6635090000000005,11678.832116789417
0.6637940000000004,9512.485136742192
0.6641940000000004,8648.648648648044
0.6718250000000004,11251.758087200853
0.6721120000000005,11940.298507463605
0.6725360000000005,19002.3752969119
0.6727820000000004,9580.838323352948
0.6781430000000004,8064.516129032316
0.7923300000000002,34042.553191491505
0.7924880000000002,51282.05128203649
0.7925650000000002,27874.5644599267
0.7926440000000002,21333.333333332524
0.7928520000000002,16096.579476858553
0.7930190000000003,8385.744234800748
0.7933490000000003,10989.01098901173
0.7939730000000003,39800.99502487429
0.7940770000000003,39800.99502487429
0.7941740000000003,39215.68627451327
0.7942780000000003,39024.390243900394
0.7943780000000003,37914.69194311498
0.7944830000000003,37558.685446006086
0.7945890000000003,37383.177570104555
0.7946960000000003,37209.302325587414
0.7948030000000003,36697.24770641335
0.7949110000000003,36363.636363618345
0.7950210000000003,36199.09502262006
0.7951310000000004,35874.43946188772
0.7952420000000003,35398.230088503646
0.7953540000000003,35087.71929826178
0.7954680000000003,34782.608695659364
0.7955820000000002,34482.758620688175
0.7956980000000002,34334.763948492146
0.7958140000000002,34042.553191491505
0.7959310000000003,33613.445378156845
0.7960490000000002,33613.445378156845
0.7961690000000002,33333.33333334626
0.7962870000000002,32921.8106995894
0.7964090000000001,32921.8106995894
0.7965300000000002,32786.8852459136
0.7966520000000001,32520.3252032562
0.7967740000000001,31872.50996015921
0.7968980000000001,32388.6639676117
0.7970250000000001,32000.000000003525
0.7971450000000001,30888.03088802979
0.7972750000000001,31746.03174602797
0.7974040000000001,31128.40466926655
0.7975270000000001,29962.54681647747
0.7976610000000001,31007.751937973502
0.7977940000000001,31007.751937973502
0.7979190000000002,30188.67924527496
0.7980520000000002,30303.030303025484
0.7981840000000002,30651.340996160747
0.7983160000000002,29739.7769516646
0.7984450000000003,29850.746268651594
0.7985850000000003,30075.187969926115
0.7987130000000003,29629.629629630457
0.7988510000000003,29629.629629630457
0.7989830000000003,28880.86642599573
0.7991210000000003,29304.02930403277
0.7992600000000003,29304.02930403277
0.7993940000000003,28985.507246371144
0.7995330000000003,28985.507246371144
0.7996700000000003,29411.764705876947
0.7998090000000003,29304.029304020853
0.7999420000000004,31620.553359676454
0.8000820000000004,32653.061224483034
0.8001950000000004,29197.08029197118
0.8003270000000005,30534.35114503998
0.8004690000000004,31872.50996015921
0.8005890000000004,29090.90909090642
0.8007200000000004,29411.764705876947
0.8008640000000005,31007.751937986843
0.8009920000000005,32786.8852459136
0.8011220000000004,32258.064516140093
0.8012360000000004,30534.35114503998
0.8013700000000004,27210.884353739973
0.8014980000000004,26755.85284280496
0.8016640000000004,32388.6639676117
0.8017970000000004,33755.2742616131
0.8019110000000004,31128.40466926655
0.8020340000000004,32921.8106995894
0.8021680000000003,36866.359447000745
0.8022770000000004,33195.02074688153
0.8023850000000003,30418.250950568814
0.8025180000000004,30651.340996173785
0.8026480000000004,29962.54681647747
0.8027790000000004,30769.230769226273
0.8029150000000004,31496.062992128904
0.8030390000000004,30534.35114503998
0.8031690000000004,30418.250950568814
0.8033010000000004,29411.764705888952
0.8034320000000004,30769.230769239413
0.8035730000000003,28776.97841726614
0.8036920000000003,29304.02930403277
0.8038510000000003,33057.85123967427
0.8039650000000003,33195.02074688153
0.8040930000000003,35714.2857142854
0.8042060000000003,32786.88524589869
0.8043170000000003,29090.90909090642
0.8044500000000003,28268.551236756888
0.8045920000000003,31372.54901962086
0.8047330000000003,34188.03418804055
0.8048470000000002,32258.064516125654
0.8049670000000002,29520.295202949717
0.8050950000000002,27972.027972027143
0.8052380000000002,28368.794326240684
0.8053810000000002,29629.629629630457
0.8055200000000002,30418.250950568814
0.8056510000000002,29850.746268651594
0.8057830000000002,29629.629629630457
0.8059190000000003,30303.030303038227
0.8060530000000002,31746.031746041957
0.8061830000000002,31496.062992128904
0.8063050000000002,29629.629629630457
0.8064370000000002,29090.90909090642
0.8065750000000002,32520.325203241526
0.8067120000000002,32258.064516125654
0.8068210000000002,28776.97841726614
0.8069600000000002,29962.54681647747
0.8070990000000002,31128.4046692531
0.8072270000000002,24999.999999992346
0.8073560000000003,24615.384615383122
0.8075470000000003,28268.551236756888
0.8076810000000003,28776.97841726614
0.8078300000000003,28776.97841726614
0.8079590000000003,26845.637583900774
0.8081080000000003,28673.835125456437
0.8082570000000002,28985.507246382804
0.8083870000000002,28070.17543859849
0.8085330000000002,30303.030303025484
0.8086720000000002,27027.02702702027
0.8087970000000002,27874.5644599267
0.8089680000000002,33333.33333333084
0.8090840000000002,31372.549019607202
0.8092080000000003,31249.999999995853
0.8093390000000003,28368.794326240684
0.8094640000000003,27777.77777778212
0.8096210000000003,30075.187969926115
0.8097520000000002,29850.746268651594
0.8098870000000002,30188.67924527496
0.8100200000000003,28070.17543859849
0.8101520000000003,28673.835125456437
0.8103050000000003,27586.20689655054
0.8104310000000002,26229.508196721337
0.8105950000000003,24844.720496899543
0.8107360000000002,23598.820058998568
0.8109170000000002,27972.027972027143
0.8110750000000002,30888.03088802979
0.8112030000000002,31128.40466926655
0.8113340000000002,29850.746268663963
0.8114600000000002,29304.02930403277
0.8116020000000002,26143.79084967077
0.8117330000000001,25889.967637540143
0.8119080000000002,28880.86642599573
0.8120420000000002,25236.593059935974
0.8121850000000002,26490.066225163417
0.8123590000000002,29850.746268651594
0.8124870000000002,29739.7769516646
0.8126270000000002,20725.388601036408
0.8127560000000003,21276.595744684702
0.8130130000000002,31620.55335969033
0.8131320000000002,25000.00000000102
0.8132660000000002,25974.025974028085
0.8134520000000002,27586.2068965611
0.8135740000000001,26229.508196721337
0.8137420000000001,29520.295202949717
0.8138790000000001,29629.629629630457
0.8140130000000001,31372.549019607202
0.8141490000000001,22038.567493112812
0.8142680000000001,21164.021164021753
0.8145120000000001,28368.794326240684
0.8146460000000001,22408.963585430927
0.8147940000000001,23460.410557182295
0.8150030000000001,29411.764705876947
0.8151350000000002,28469.750889682175
0.8152750000000002,28469.750889682175
0.8154160000000001,22662.889518410535
0.8155560000000002,22792.02279202343
0.8157690000000002,23255.81395348763
0.8159070000000002,23952.095808379185
0.8161130000000002,27303.75426621275
0.8162410000000002,22408.963585437898
0.8164060000000002,18264.84018265097
0.8165980000000002,15065.913370999588
0.8168440000000001,17167.381974250162
0.8171290000000001,25078.3699059594
0.8173100000000001,29090.90909090642
0.8174480000000001,24691.358024683585
0.8175850000000001,20512.820512820435
0.8177720000000002,16000.000000001763
0.8179750000000001,18604.651162788905
0.8182720000000001,15873.015873013985
0.8184050000000002,14234.875444838275
0.8187760000000002,16913.319238898606
0.8189670000000002,19277.10843373242
0.8192490000000002,26936.026936017617
0.8193820000000003,21680.21680216428
0.8195460000000003,19047.619047620137
0.8197510000000003,15503.875968993421
0.8199660000000003,15533.980582522969
0.8202670000000003,15209.125475284407
0.8204810000000003,12030.075187969442
0.8207930000000003,15594.541910328444
0.8211460000000004,15009.38086303924
0.8213060000000004,12030.07518797145
0.8216790000000004,12882.44766505672
0.8219710000000003,15355.086372361031
0.8223000000000004,24767.801857588038
0.8224920000000003,25396.82539682909
0.8226230000000003,24922.118380061085
0.8228070000000003,18433.179723500372
0.8229440000000003,17621.14537445111
0.8232410000000003,17660.044150113274
0.8233980000000003,17204.301075271123
0.8236940000000003,17057.569296377387
0.8238630000000002,13400.335008376136
0.8241630000000002,13675.213675214922
0.8244600000000002,14209.591474245615
0.8247480000000001,14814.814814815229
0.8250230000000002,18181.818181818348
0.8252880000000001,23054.755043228583
0.8254630000000002,20887.72845953487
0.8256350000000001,12944.983818770072
0.8258460000000001,11544.011544010633
0.8262530000000001,11477.761836440928
0.8265390000000001,11019.283746556406
0.8269500000000002,15009.38086303924
0.8272650000000001,20887.728459528815
0.8274830000000002,13582.34295416073
0.8276480000000002,9122.006841504957
0.8285250000000002,9237.875288683246
0.8292560000000002,22988.505747125448
0.8313630000000002,8849.557522123738
0.8341980000000002,8221.993833504612
0.8388070000000002,9828.009828010052
0.9698510000000002,43010.75268816754
0.9699610000000003,52980.13245032683
0.9700370000000003,51948.05194801872
0.9701120000000003,50955.414012714915
0.9701910000000004,50314.46540879863
0.9702690000000004,49689.440993799086
0.9703500000000004,50000.00000001938
0.9704300000000003,24615.384615383122
0.9705100000000003,24464.831804275567
0.9707550000000004,46511.62790696025
0.9708370000000004,44943.820224716204
0.9709270000000004,31746.03174602797
0.9710150000000004,28268.5512367458
0.9711790000000005,29850.746268663963
0.9712980000000004,32388.6639676117
0.9714470000000004,40201.00502511346
0.9715450000000004,39603.96039603265
0.9716460000000005,34782.60869564257
0.9717470000000005,34334.763948492146
0.9718760000000005,38277.51196171979
0.9719800000000005,37914.69194311498
0.9720850000000005,37735.849056585794
0.9721910000000006,37383.177570085165
0.9722970000000006,37037.03703703807
0.9724050000000006,33057.85123967427
0.9725130000000006,29197.08029197118
0.9726470000000006,28880.866425984153
0.9727870000000006,28268.5512367458
0.9729240000000007,31249.999999995853
0.9730700000000007,31372.549019607202
0.9731800000000007,31007.751937986843
0.9733250000000007,34482.758620688175
0.9734380000000007,33755.2742616131
0.9735570000000007,33898.305084759704
0.9736750000000006,33898.305084759704
0.9737930000000006,33472.80334728184
0.9739110000000005,32786.88524589869
0.9740320000000006,32520.3252032562
0.9741550000000005,32653.061224497833
0.9742780000000005,32388.6639676117
0.9744000000000005,31872.50996015921
0.9745250000000005,32000.000000003525
0.9746510000000005,31746.03174602797
0.9747750000000005,31496.062992128904
0.9749030000000005,31496.062992128904
0.9750290000000005,31128.4046692531
0.9751570000000005,30769.230769226273
0.9752860000000005,30651.340996173785
0.9754170000000005,30651.340996173785
0.9755470000000005,30534.35114503998
0.9756780000000005,30418.250950568814
0.9758090000000005,30075.187969926115
0.9759410000000005,30075.187969926115
0.9760750000000005,29962.54681647747
0.9762070000000005,29739.776951676875
0.9763420000000005,29629.629629630457
0.9764760000000005,29411.764705876947
0.9766120000000005,29411.764705876947
0.9767480000000005,29411.764705876947
0.9768840000000005,29197.08029197118
0.9770200000000006,28985.507246382804
0.9771580000000005,28880.86642599573
0.9772960000000005,28673.835125445024
0.9774350000000005,28673.835125445024
0.9775750000000005,28985.507246371144
0.9777140000000005,28673.835125445024
0.9778510000000006,28169.014084511906
0.9779930000000006,28169.014084511906
0.9781350000000005,27972.027972027143
0.9782770000000005,27972.027972027143
0.9784210000000005,28268.551236756888
0.9785630000000005,28070.17543859849
0.9787040000000005,27681.66089965554
0.9788480000000005,27874.564459937483
0.9789930000000004,27027.02702703041
0.9791350000000004,24767.801857588038
0.9792890000000004,27210.884353739973
0.9794580000000004,31872.50996015921
0.9795830000000004,30534.35114503998
0.9797090000000004,30303.030303025484
0.9798450000000004,30888.03088802979
0.9799730000000004,31128.40466926655
0.9801040000000004,32388.6639676117
0.9802300000000004,32921.8106995894
0.9803510000000004,26402.640264031437
0.9804730000000004,26315.789473686724
0.9806540000000004,32653.061224497833
0.9807770000000003,32520.3252032562
0.9808990000000003,31007.751937986843
0.9810230000000003,29520.295202949717
0.9811570000000003,31372.549019607202
0.9812940000000003,32520.3252032562
0.9814120000000003,30188.67924527496
0.9815400000000003,30418.250950568814
0.9816770000000004,32520.3252032562
0.9818030000000003,32388.6639676117
0.9819230000000003,30651.340996173785
0.9820500000000003,29629.629629630457
0.9821840000000003,29090.90909090642
0.9823200000000003,28880.86642599573
0.9824590000000003,26666.666666669604
0.9825970000000003,27491.40893470401
0.9827590000000003,30534.351145027038
0.9828880000000003,26666.666666659734
0.9830210000000004,27397.260273966036
0.9831880000000004,30188.67924527496
0.9833130000000004,24922.118380061085
0.9834530000000005,25078.3699059594
0.9836340000000005,25723.472668814407
0.9837720000000004,20887.728459528815
0.9839450000000004,18735.362997655175
0.9841550000000004,23054.755043228583
0.9843720000000005,29629.629629630457
0.9845020000000004,22346.368715078777
0.9846420000000005,23054.755043221205
0.9848600000000005,29629.629629630457
0.9849890000000006,28985.507246382804
0.9851300000000005,29411.764705876947
0.9852650000000005,28880.866425984153
0.9854020000000006,29411.764705876947
0.9855420000000006,30888.03088802979
0.9856740000000006,30888.03088802979
0.9858010000000006,29962.54681647747
0.9859330000000006,22284.122562674205
0.9860680000000006,21390.374331551633
0.9862920000000006,28469.750889682175
0.9864420000000006,30651.340996173785
0.9865730000000006,23121.387283239837
0.9867030000000006,13698.630136985623
0.9869190000000005,15564.202334629912
0.9872870000000006,28070.17543859849
0.9874330000000006,28673.835125445024
0.9875720000000006,28776.97841726614
0.9877120000000006,29090.90909090642
0.9878500000000006,29197.080291959348
0.9879870000000006,29629.629629618274
0.9881240000000007,31372.549019607202
0.9882570000000007,30651.340996173785
0.9883790000000007,29197.08029197118
0.9885180000000007,28985.507246382804
0.9886530000000007,28469.750889682175
0.9887940000000006,25316.455696203895
0.9889340000000006,18912.529550829604
0.9891100000000006,21333.333333332524
0.9893570000000006,24922.118380061085
0.9894850000000006,24390.2439024394
0.9896780000000006,30303.030303025484
0.9898130000000006,30651.340996160747
0.9899420000000007,29962.54681647747
0.9900740000000007,23529.4117647054
0.9902090000000007,17391.304347825484
0.9904140000000007,17699.115044247475
0.9906690000000007,16260.162601624432
0.9908660000000007,19138.755980859896
0.9911610000000007,32258.064516125654
0.9912840000000007,22408.963585430927
0.9914090000000008,22038.567493112812
0.9916410000000008,25806.451612900524
0.9917720000000008,22535.211267606002
0.9919510000000008,22598.87005649938
0.9921270000000008,25316.455696203895
0.9923050000000008,26229.508196721337
0.9924430000000007,19047.619047620137
0.9926100000000008,20997.375328085935
0.9928630000000007,29739.776951676875
0.9929910000000007,24922.118380069704
0.9931320000000007,23323.615160351063
0.9933120000000006,15810.276679841696
0.9934750000000007,11363.636363637543
0.9938180000000006,15325.670498086893
0.9941790000000006,17897.091722596073
0.9943400000000006,17467.248908298527
0.9946260000000006,17777.777777779735
0.9947980000000005,19370.460048426306
0.9950760000000005,16528.925619833346
0.9952110000000005,15296.36711280921
0.9955600000000006,13468.013468013844
0.9957340000000006,12903.225806452572
0.9961540000000005,19607.843137256634
0.9963540000000005,21739.13043478054
0.9965620000000005,20997.375328079816
0.9967220000000006,16597.510373444587
0.9969430000000006,18561.48491879526
0.9972040000000005,21563.342318058705
0.9973740000000005,22471.910112358102
0.9975750000000005,12364.760432765388
0.9977300000000006,12882.447665054417
0.9982220000000006,23460.410557182295
0.9983510000000007,14159.292035397286
0.9985630000000006,9546.539379474878
0.9989160000000007,11695.90643275013
0.9994010000000006,20512.820512820435
0.9996000000000006,16227.180527384497
0.9997910000000007,14388.489208635943
1.0000930000000006,18912.52955082464
1.0003470000000005,10217.113665389812
1.0005160000000006,9650.180940893008
1.0011300000000005,13675.213675212326
1.0013450000000006,10568.031704096555
1.0017150000000006,9987.515605495259
1.0021020000000005,12965.964343600835
1.0025160000000004,15936.254980079604
1.0027190000000004,11220.196353436757
1.0030180000000004,10389.610389611234
1.0034320000000003,15238.095238092083
1.0037880000000003,12539.184952975334
1.0039570000000004,8908.68596881895
1.0044260000000005,12558.869701726871
1.0048550000000005,19559.902200494656
1.0050630000000005,13114.754098360669
1.0052640000000004,12269.938650304925
1.0056730000000005,21978.021978020108
1.0059160000000005,18779.342723003043
1.0060370000000005,15238.095238092083
1.0063420000000005,15037.593984956782
1.0065620000000006,13582.342954155609
1.0068740000000007,15065.913370996437
1.0071510000000008,20779.220779216477
1.0074050000000008,30888.03088802979
1.0075360000000009,31128.40466926655
1.0076640000000008,30418.250950555972
1.0077930000000008,30418.250950555972
1.007927000000001,30303.030303025484
1.008056000000001,29629.629629630457
1.008191000000001,28776.97841726614
1.008326000000001,29304.02930403277
1.008469000000001,29739.77695168915
1.008599000000001,29850.746268663963
1.0087380000000008,29962.54681647747
1.0088670000000008,25157.232704399314
1.0090050000000008,19093.078758942167
1.0091850000000009,18099.54751131003
1.009424000000001,23323.615160351063
1.009627000000001,25559.105431309275
1.009767000000001,16985.13800425032
1.009940000000001,11730.205278594965
1.0102380000000009,9174.311926605675
1.012202000000001,13937.28222996335
1.012402000000001,8465.608465606712
1.012776000000001,10389.610389608239
1.013347000000001,11544.011544010633
1.0135460000000012,9732.360097322411
1.0140400000000012,11560.69364161621
1.0380540000000014,8447.729672650197
1.1579420000000014,8342.022940563676
1.180008000000001,36363.63636365505
1.180106000000001,35714.2857142854
1.180228000000001,38834.95145628231
1.180330000000001,41450.777202048965
1.180434000000001,32921.8106995894
1.180523000000001,17582.417582413942
1.180677000000001,11976.047904189592
1.1809780000000012,12500.00000000051
1.1813450000000012,10000.0000000011
1.1816180000000012,12598.425196851562
1.1821450000000011,36529.68036530194
1.182253000000001,36697.24770641335
1.182364000000001,36199.09502262006
1.1824710000000012,35714.2857142854
1.182585000000001,35398.230088486256
1.1826950000000012,34782.608695659364
1.1828110000000012,34482.758620688175
1.1829250000000011,34188.03418802433
1.1830430000000012,34042.553191491505
1.1831590000000012,33898.305084759704
1.1832780000000012,33755.27426162892
1.183395000000001,33057.851239689444
1.183515000000001,32921.8106995894
1.183637000000001,32921.8106995894
1.183758000000001,32520.3252032562
1.183880000000001,32388.663967597142
1.184004000000001,32258.064516125654
1.184127000000001,31746.031746041957
1.184252000000001,31620.553359676454
1.184379000000001,31496.062992128904
1.184505000000001,31128.40466926655
1.184633000000001,31128.40466926655
1.184762000000001,31007.751938000187
1.1848900000000009,30888.03088802979
1.1850200000000009,30651.340996160747
1.185149000000001,30418.250950555972
1.185281000000001,30418.250950555972
1.185412000000001,30303.030303025484
1.185544000000001,30075.187969913564
1.185676000000001,29962.54681647747
1.1858100000000011,29850.746268663963
1.185943000000001,29629.629629630457
1.186078000000001,29520.29520296181
1.186213000000001,29520.29520296181
1.186349000000001,29520.29520296181
1.186484000000001,29197.08029198301
1.186620000000001,28985.507246382804
1.1867580000000009,28985.507246382804
1.1868960000000008,28880.866426007306
1.1870340000000008,28776.978417289123
1.1871730000000007,28673.835125456437
1.1873120000000006,28571.428571422653
1.1874520000000006,28571.428571422653
1.1875920000000006,28368.794326229516
1.1877320000000007,28169.01408448988
1.1878740000000008,28169.01408448988
1.1880160000000008,27972.027972027143
1.188158000000001,27777.77777779283
1.1883020000000009,27874.564459937483
1.1884460000000008,27972.027972027143
1.1885890000000008,27777.777777771415
1.1887320000000008,24169.18429002428
1.1888770000000008,15355.086372361031
1.1940080000000008,8762.322015332493
1.194921000000001,9900.990099010882
1.195345000000001,8438.8185654013
1.195729000000001,8080.808080807702
1.196293000000001,9756.097560975099
1.198146000000001,10126.582278480135
1.1984740000000011,8762.322015334623
1.2004550000000012,8016.0320641278195
1.2009720000000013,8483.563096501284
1.2556850000000013,16597.51037344841
1.304169000000001,9962.6400996278
1.304790000000001,28268.551236767977
1.304972000000001,43478.2608695742
1.3050730000000008,46242.774566479675
1.3051560000000009,45714.28571433425
1.3052460000000008,45977.01149428023
1.3053310000000007,44444.44444442741
1.3054200000000007,43243.24324321946
1.3055110000000008,42780.74866311597
1.3056050000000008,42328.042328043506
1.3056980000000007,42105.26315786493
1.3057940000000008,33195.02074689682
1.3058880000000008,26845.637583900774
1.3060350000000007,31872.50996015921
1.3061860000000007,40000.0000000044
1.3062860000000007,40000.0000000044
1.3063860000000007,35087.71929826178
1.3064860000000007,27777.77777779283
1.3066140000000006,19656.019656017423
1.3067740000000005,14440.433212992077
1.3070210000000007,17817.371937633496
1.3073280000000007,31007.751937973502
1.3074700000000008,35087.71929826178
1.3075860000000008,35242.29074890222
1.3076980000000007,34632.034632020805
1.3078130000000008,34188.03418802433
1.3079290000000008,33755.27426159729
1.3080470000000008,33613.445378156845
1.3081660000000008,33613.445378156845
1.3082850000000008,33333.33333333084
1.3084040000000008,32921.8106995894
1.3085250000000008,32786.8852459136
1.3086470000000008,32786.8852459136
1.3087690000000007,32388.66396762626
1.3088910000000007,32000.000000017735
1.3090160000000006,31872.50996015921
1.3091410000000006,31620.553359676454
1.3092670000000006,31496.062992128904
1.3093940000000006,31249.999999995853
1.3095210000000006,31007.751937973502
1.3096500000000006,30888.03088802979
1.3097790000000007,30769.230769239413
1.3099090000000007,30651.340996160747
1.3100390000000006,30418.250950555972
1.3101700000000007,30418.250950555972
1.3103020000000007,30418.250950555972
1.3104330000000008,30188.679245287607
1.3105650000000009,29962.54681647747
1.3106980000000008,29739.7769516646
1.3108320000000009,29629.629629630457
1.3109670000000009,29520.29520296181
1.3111020000000009,29520.29520296181
1.3112380000000008,29411.764705876947
1.3113730000000008,29090.90909090642
1.3115100000000008,28985.507246382804
1.3116480000000008,28776.97841726614
1.3117860000000008,28673.835125456437
1.3119260000000008,28673.835125456437
1.3120650000000007,28673.835125456437
1.3122050000000007,28469.750889682175
1.3123440000000006,28268.5512367458
1.3124860000000007,28070.175438609425
1.3126270000000007,27586.2068965611
1.3127710000000006,27397.260273976455
1.3129170000000006,15180.265654650564
1.3197660000000007,8658.008658009361
1.3287410000000006,8800.880088010479
1.4259520000000006,29520.29520296181
1.4261230000000005,33333.33333333084
1.4262230000000005,36036.03603604505
1.4263630000000005,47904.19161682206
1.4264450000000004,47058.82352947227
1.4265300000000003,46242.774566479675
1.4266150000000002,45454.545454499996
1.4267030000000003,34782.608695625786
1.4267910000000004,30888.03088802979
1.4269330000000005,34188.03418805677
1.4270500000000004,37209.30232560663
1.4271670000000003,40609.137055837
1.4272650000000002,40404.04040401132
1.4273640000000003,40404.04040401132
1.4274630000000004,38834.95145628231
1.4275620000000004,18518.518518519035
1.4276690000000005,15503.875968993421
1.4279940000000004,26490.066225163417
1.4281850000000005,36529.68036530194
1.4282960000000005,36199.09502262006
1.4284040000000005,35398.230088486256
1.4285170000000005,35398.230088486256
1.4286300000000005,35087.71929822761
1.4287430000000005,34934.49781658859
1.4288580000000006,34782.608695659364
1.4289720000000006,34334.76394850851
1.4290880000000006,34042.553191491505
1.4292050000000005,33755.27426159729
1.4293230000000006,33472.80334729739
1.4294420000000005,33195.02074689682
1.4295620000000004,33057.85123965911
1.4296830000000005,32921.8106995894
1.4298040000000005,32653.061224483034
1.4299260000000005,32388.663967597142
1.4300490000000006,32128.51405623216
1.4301730000000006,31872.50996015921
1.4302980000000005,31746.031746013985
1.4304240000000006,31620.553359676454
1.4305500000000007,31372.54901962086
1.4306770000000006,31250.000000022956
1.4308050000000005,31128.40466926655
1.4309330000000005,31007.751937973502
1.4310620000000005,30651.340996160747
1.4311910000000005,30418.250950555972
1.4313230000000006,30418.250950555972
1.4314540000000007,30418.250950555972
1.4315860000000007,30188.679245262312
1.4317170000000008,29962.54681647747
1.4318510000000009,29850.746268663963
1.4319840000000008,29629.629629630457
1.4321190000000008,29629.629629630457
1.4322540000000008,29520.29520296181
1.4323890000000008,29520.29520296181
1.4325250000000007,29411.764705876947
1.4326600000000007,29090.90909090642
1.4327970000000008,28985.507246382804
1.4329350000000007,29090.90909090642
1.4330730000000007,28985.507246382804
1.4332100000000008,28776.978417289123
1.4333490000000007,28776.978417289123
1.4334880000000005,28673.835125456437
1.4336270000000004,28469.750889682175
1.4337670000000005,28368.794326251853
1.4339080000000004,28368.794326251853
1.4340490000000004,28268.5512367458
1.4341900000000003,28268.5512367458
1.4343320000000004,28169.014084511906
1.4344730000000003,27972.027972027143
1.4346160000000003,27874.564459937483
1.4347590000000003,27681.66089965554
1.4349030000000003,27586.206896539978
1.4350480000000003,27586.206896539978
1.4351930000000004,27681.66089965554
1.4353380000000004,27777.77777779283
1.4354820000000004,27586.2068965611
1.4356260000000003,27491.40893470401
1.4357720000000003,27586.206896539978
1.4359170000000003,27397.260273976455
1.4360620000000004,26845.637583900774
1.4362090000000003,26143.790849680256
1.4363600000000003,18779.342723012833
1.4365150000000002,10471.204188481855
1.4388090000000002,8298.755186722294
1.4396170000000001,27491.40893470401
1.4397730000000002,30188.679245287607
1.4399080000000002,21505.37634408377
1.4400380000000002,14388.48920863307
1.4402800000000002,17817.371937642307
1.4405940000000002,25806.451612900524
1.4407290000000001,25889.96763753084
1.4409040000000002,26315.789473677112
1.4410380000000003,26402.640264031437
1.4412080000000003,19417.475728162084
1.4413410000000002,14598.54014598559
1.4416200000000001,16064.25702810892
1.4418890000000002,17130.620985010883
1.4421180000000002,13840.83044982777
1.4423560000000002,11444.921316165866
1.4426960000000002,13400.335008376136
1.4430550000000002,15936.254980079604
1.4432930000000002,19753.086419753636
1.4435570000000002,25316.455696203895
1.4436980000000001,18867.924528302778
1.4438730000000002,15841.584158416541
1.4441220000000001,18264.84018265097
1.4443780000000002,19093.078758952288
1.44456,21505.37634408377
1.444797,13840.83044982777
1.444932,10012.515644555768
1.445375,9650.180940893008
1.445731,11904.761904761799
1.446204,10389.610389608239
1.446403,8705.11425462351
1.4469740000000002,14625.228519193603
1.4473220000000002,19417.475728151618
1.4475210000000003,14084.507042250447
1.4477340000000003,15065.913370996437
1.4480890000000004,22988.505747125448
1.4482650000000004,21680.21680216428
1.4484370000000004,13311.14808652083
1.4486340000000004,12924.07108238788
1.4490380000000005,12102.874432677345
1.4492530000000006,9815.950920245277
1.4496990000000005,14519.05626134385
1.4511540000000005,14209.591474242814
1.4514100000000005,14625.228519193603
1.4517170000000006,12578.616352199657
1.4519570000000006,9389.671361501521
1.4523530000000007,9422.8504122486
1.4528090000000007,10989.010989010054
1.4532020000000008,15094.339622643804
1.4535370000000007,13961.605584643825
1.4537320000000007,12288.786482335678
1.4541100000000007,18140.58956916455
1.4543830000000006,19184.652278182533
1.4556260000000005,13513.513513515205
1.4584470000000003,15473.887814310332
1.4599710000000004,12269.938650304925
1.4616040000000003,8839.77900552551
1.4651130000000003,8800.880088008329
1.4656400000000003,8438.818565399322
1.497767000000001,10568.031704096555
1.498207000000001,8064.516129033218
1.5198540000000005,9080.590238366425
1.5520170000000002,28368.794326229516
1.5521650000000002,36363.636363618345
1.5522990000000003,45714.28571427625
1.5523850000000003,43956.04395606703
1.5524740000000004,42780.74866311597
1.5525670000000003,42105.26315786493
1.5526610000000003,41450.777202048965
1.5527570000000004,40201.00502511346
1.5528540000000004,40404.04040401132
1.5529560000000004,40404.04040401132
1.5530520000000005,39408.86699508297
1.5531540000000006,39603.96039607618
1.5532550000000005,38834.95145632417
1.5533560000000004,38095.238095230205
1.5534610000000004,37735.849056585794
1.5535660000000004,37383.17757006577
1.5536730000000005,36529.68036530194
1.5537800000000006,32388.66396762626
1.5538920000000005,32653.061224483034
1.5540270000000005,31872.50996015921
1.5541370000000005,20671.834625327527
1.5542780000000005,10088.272383353795
1.5550710000000005,10796.221322535615
1.5555720000000006,17278.61771057934
1.5558120000000006,22857.142857138126
1.5560350000000007,31620.553359676454
1.5561620000000007,31620.553359676454
1.5562880000000008,31007.751937973502
1.5564150000000008,30888.03088802979
1.5565460000000009,30888.03088802979
1.5566740000000008,30651.340996160747
1.5568050000000009,30418.250950581652
1.5569350000000008,30075.18796993867
1.5570680000000008,30188.679245287607
1.5572010000000007,30188.679245287607
1.5573330000000007,29739.77695168915
1.5574660000000007,29629.629629630457
1.5576020000000006,29629.629629630457
1.5577360000000007,29411.764705900958
1.5578720000000006,29304.02930403277
1.5580080000000005,29197.080291959348
1.5581450000000006,28985.507246382804
1.5582820000000006,28776.978417289123
1.5584210000000005,28776.978417289123
1.5585600000000004,28571.428571445314
1.5586990000000003,28469.750889682175
1.5588400000000002,28368.794326229516
1.5589800000000003,27972.027972027143
1.5591220000000003,28070.175438609425
1.5592660000000003,27972.027972027143
1.5594070000000002,27777.777777771415
1.5595520000000003,27777.777777771415
1.5596950000000003,27681.66089965554
1.5598400000000003,27303.754266223095
1.5599840000000003,26936.026936027687
1.5601330000000002,23598.820058990837
1.5852480000000004,8196.721311474672
1.6949310000000004,10217.113665389812
1.6954240000000005,17204.301075271123
1.6957140000000004,19753.086419753636
1.6958890000000004,21447.721179627155
1.6961190000000004,25236.593059944815
1.6962620000000004,17543.85964913089
1.6964360000000003,19559.902200494656
1.6967180000000002,31372.54901962086
1.6968450000000002,30303.03030305097
1.696973,32520.3252032562
1.697109,36529.68036530194
1.697219,37209.30232560663
1.697328,36866.35944701961
1.6974339999999999,35714.2857142854
1.6975449999999999,35242.29074890222
1.697658,34934.49781658859
1.6977719999999998,22922.6361031417
1.697887,18058.69074492217
1.698121,19002.3752969119
1.69833,24316.10942249065
1.698542,32786.8852459136
1.698659,26229.508196721337
1.698786,23809.523809515733
1.698964,14953.271028032514
1.699122,13333.333333329867
1.699499,19093.078758942167
1.6997220000000002,17582.417582413942
1.6999180000000003,19002.3752969119
1.7001770000000003,26666.666666669604
1.7003390000000003,29520.29520296181
1.7004770000000002,29962.54681647747
1.7006100000000002,29629.629629630457
1.7007440000000003,29629.629629630457
1.7008800000000002,29411.764705876947
1.7010140000000002,28880.866426007306
1.7011520000000002,28673.835125456437
1.701291,28776.97841726614
1.7014310000000001,28673.835125456437
1.701569,22284.122562674205
1.70171,19900.497512437145
1.701928,12678.288431060839
1.9026330000000002,14285.714285716991
1.9030190000000002,13266.998341627206
1.922498,11816.83899556801
1.922978,19704.433497541486
1.923175,14598.54014598559
1.923384,10752.688172041884
1.923723,11111.111111110278
1.924128,11869.4362017793
1.925944,10126.582278482982
1.926452,17505.470459521293
1.926734,19047.619047615102
1.927937,9070.29478457999
1.928374,9900.990099010882
1.928819,12779.55271565917
1.929182,15267.17557251999
1.9294449999999999,14466.54611211506
1.929706,14184.397163120342
1.9299979999999999,16000.000000001763
1.93027,15065.913371002736
1.9304979999999998,9535.160905839897
2.1634379999999998,8474.576271185939
2.163932,10471.204188484899
2.164382,9975.062344142792
2.178579,8121.8274111674
2.1820600000000003,13628.620102217132
2.1823940000000004,12539.1849529797
2.1826470000000002,10349.288486414756
2.1830320000000003,12232.415902141936
2.1834200000000004,15238.095238104972
2.1836860000000002,9153.31807780742
2.185111,9422.8504122486
2.2185829999999993,9512.485136738425
2.2426289999999995,9070.294784582275
2.2447429999999993,11235.955056179051
2.2452259999999993,11887.0728083223
2.2706119999999994,8146.639511201311
2.276150999999999,9987.51560549249
2.2891009999999996,10191.082802547307
2.455468999999999,8221.993833507426
2.456134999999999,8968.60986547193
2.4704179999999987,8146.639511201311
2.549134999999998,8781.55872667082
2.582721999999998,8978.6756453448
2.585939999999998,8016.0320641278195
2.599778999999999,8898.776418242658
2.600051999999999,8752.735229760647
2.605067999999999,8938.547486034837
2.6091709999999986,8547.008547010137
2.6097939999999986,14571.948998180877
2.759323999999998,8105.369807498706
2.7705189999999984,9009.009009011263
2.7709979999999983,8154.9439347612915
2.7921219999999978,9744.214372714032
2.7940409999999978,8752.735229760647
2.8718079999999993,9345.794392526139
2.875072999999999,9864.364981502891
2.9839709999999995,9925.558312656782
3.006271,10752.688172041884
3.006783,8429.926238146601
3.007732,9132.420091325484
3.067762000000001,8040.201005024486
3.070498000000001,8163.265306124458
3.077021000000001,11235.955056186058
3.135276000000002,9720.534629404403
3.140732000000002,8752.735229756394
3.141292000000002,10854.816824966261
3.1416460000000024,9302.325581396854
3.142029000000002,8658.008658009361
3.1539200000000016,8565.310492505441
3.1873790000000013,9569.377990429948
3.2040380000000015,9791.921664625872
3.2044900000000016,12084.59214501214
3.2447990000000027,8154.9439347612915
3.2511280000000022,8421.05263157889
3.2534390000000024,8574.490889600722
3.274275000000002,8163.265306120758
3.274863000000002,8752.735229756394
3.324493000000002,9122.006841504957
3.325005000000002,9111.61731207127
3.329646000000002,11747.43024963024
3.341016000000002,9467.455621301948
3.356237000000002,10062.893081765347
3.382703000000002,9070.294784577707
3.4217490000000024,9815.950920247951
3.4301080000000024,9216.589861750186
3.4550440000000022,9876.543209876818
3.4555460000000022,9324.009324009048
3.462996000000002,8394.543546694811
3.4909670000000017,8072.653884964974
3.5123510000000024,8620.689655172044
3.530978000000002,10165.18424396035
3.5682960000000037,8658.008658009361
3.568675000000004,8859.357696570392
3.5692200000000036,9111.617312075878
3.5912500000000036,8639.30885528967
3.5917150000000038,8359.45663531786
3.592176000000004,9269.988412516244
3.592672000000004,9937.888198761188
3.5930390000000036,9216.589861750186
3.5934770000000036,8869.179600887328
3.627400000000004,10178.117048343784
3.6413230000000048,9142.85714285989
3.6447490000000045,8056.39476334503
3.6454060000000044,8368.20083682046
3.6561970000000046,8771.929824565445
3.6568150000000044,8820.286659318674
3.6643710000000045,12326.656394450692
3.6822600000000048,11782.03240058358
3.682649000000005,11095.700416089201
3.6867530000000053,8221.993833503673
3.6953740000000055,8230.45267489735
3.6963460000000055,8138.351983721821
3.7022560000000055,8519.701810438439
3.7086590000000057,10752.688172041884
3.7090300000000056,8247.422680411202
3.7122540000000055,8179.95910020514
3.7129140000000054,11764.7058823527
3.7132320000000054,8574.490889604802
3.740067000000005,9546.539379476144
3.778789000000006,8528.784648186675
3.787503000000006,9400.705052879683
3.8019940000000054,8072.653884964974
3.8025310000000054,9512.485136743448
3.8029850000000054,8658.008658009361
3.8058510000000054,12232.415902141936
3.8061850000000055,10943.912448699853
3.8397370000000053,8281.573498964612
3.8407030000000053,8519.70181043441
3.8412090000000054,9345.794392521291
3.8432210000000055,11379.800853483119
3.8497020000000055,9163.80297823234
3.8502340000000057,14362.65709155831
3.850575000000006,11577.424023158615
3.850791000000006,8879.02330743797
3.8512660000000056,9216.589861750186
3.8620150000000053,9259.259259259517
3.872596000000005,9708.737864081042
3.889635000000004,9237.875288680878
3.896394000000004,9324.009324009048
3.898054000000004,9638.554216871367
3.910071000000004,9661.835748794267
3.912982000000004,8743.169398907112
3.913514000000004,8620.68965517617
3.9257180000000043,8686.21064060851
3.9263090000000043,9313.154831202093
3.9363010000000043,8121.8274111674
3.9396480000000045,9184.84500573983
3.9430830000000046,10012.51564455855
3.9435300000000044,9815.950920247951
3.948057000000004,8333.333333336564
3.965059000000003,8988.76404494324
3.9654760000000033,9626.955475333196
3.9751240000000037,8592.910848549807
3.9754330000000038,8592.910848549807
3.9760550000000037,10025.062656640644
3.980619000000003,11816.83899556801
4.000750000000003,8394.543546694811
4.001254000000003,8592.910848553905
4.043948000000003,8771.929824565445
4.044479000000003,8429.926238142656
4.060051000000003,8324.66181061211
4.065515000000003,9523.809523817621
4.065938000000003,8008.008008013571
4.066355000000002,8230.45267489735
4.113792000000004,10610.079575601048
4.118682000000003,9673.518742441005
4.119197000000003,9626.955475333196
4.125022000000003,14732.965009221232
4.125332000000003,11695.906432753927
4.125565000000003,8040.201005028074
4.151800000000002,8196.721311470941
4.157895000000003,8324.66181061211
4.158489000000003,10869.56521739355
4.169265000000003,8510.638297872876
4.191372000000002,8307.372793357526
4.201779000000001,8213.552361394175
4.202226000000001,8154.9439347576
4.212318000000001,8376.96335078305
4.239324000000002,8394.543546694811
4.239814000000002,8281.573498964612
4.240277000000002,8359.456635313982
4.247009000000002,11510.79136691565
4.247529000000002,14953.271028057337
4.249564000000001,8474.576271181952
4.255872000000002,8988.76404494324
4.260952000000002,8080.808080802265
4.295327000000004,16949.152542363903
4.295527000000004,10973.936899866474
4.357865000000005,10767.160161508298
4.358328000000005,8998.875140608257
4.402201000000004,14440.433212992077
4.427827000000003,9237.875288680878
4.429451000000004,8879.02330743797
4.430041000000004,12441.679626746298
4.430352000000004,9019.165727164886
4.441030000000005,9650.180940887838
4.442799000000005,8791.208791206971
4.450942000000005,8342.022940563676
4.452555000000005,8752.735229760647
4.453039000000005,8350.730688937092
4.462873000000004,8639.308855285526
4.463434000000004,8519.70181043038
4.470897000000004,8230.45267489735
4.481868000000004,9626.955475333196
4.482305000000004,10914.051841741531
4.505222000000004,8196.7213114784
4.536760000000003,11396.011396018923
4.537075000000002,10666.666666666262
4.537462000000002,9122.006841504957
4.5592770000000025,9987.51560549249
4.562116000000002,8121.8274111674
4.562758000000002,9661.835748789086
4.563586000000003,9523.809523807551
4.564112000000002,8978.675645340325
4.570411000000002,10191.082802553074
4.576240000000001,10596.026490056018
4.576662000000002,10178.117048338034
4.633950000000003,8830.022075050145
4.651442000000004,8695.652173914841
4.651941000000003,9019.165727164886
4.660630000000004,8281.573498964612
4.677320000000004,8998.875140608257
4.682312000000004,8188.331627432724
4.731094000000003,9216.589861745471
4.741032000000003,11204.481792711978
4.7424060000000035,8537.8868729952
4.765465000000002,8898.776418247055
4.7659220000000015,9876.543209882233
4.766364000000001,9720.534629409647
4.766732000000001,8088.978766433318
4.769704000000001,8565.310492505441
4.770135000000001,8230.45267489735
4.770638000000001,8105.369807502353
4.771107000000001,9661.835748799449
4.771625,9060.022650056962
4.778751,8113.59026369773
4.797973999999998,8648.648648643892
4.805085999999999,8810.572687225555
4.810272999999999,8179.95910020514
4.834265000000002,8080.808080809515
4.834791000000002,8016.0320641278195
4.839262000000002,9456.26477541232
4.839662000000002,9009.009009011263
4.8401080000000025,8008.008008013571
4.846288000000002,8064.516129031414
4.852151000000002,9779.951100247328
4.927539,9389.671361501521
4.935434000000002,9925.558312656782
4.935853000000002,10443.864229770463
4.9362400000000015,8281.573498964612
4.9372060000000015,8676.789587851654
4.937674000000001,8024.072216643489
4.942329000000002,8781.55872667082
4.949573000000003,8611.410118405223
4.950008000000003,8121.8274111674
4.952190000000003,8064.516129031414
4.960207000000005,8113.590263690421
4.962421000000005,8565.310492505441
4.962947000000005,8639.308855293813
4.986246000000005,9313.154831197278
4.986755000000005,8163.265306120758
5.001533000000006,8163.265306120758
5.025988000000005,8620.689655172044
5.035265000000004,8648.648648652197
5.035869000000004,9913.258983890928
5.0398670000000045,8298.755186724205
5.040230000000005,8316.008316012956
5.040831000000004,10230.179028132201
5.041192000000004,8376.96335078305
5.093275000000006,8820.286659310035
5.095038000000007,8938.547486034837
5.101130000000007,8948.545861300257
5.1289140000000035,11004.126547449752
5.149478000000004,8629.989212514414
5.166377000000005,8938.547486025966
5.168711000000006,8342.022940563676
5.172161000000006,8938.547486034837
5.174093000000006,8510.638297864834
5.185202000000007,9009.009009011263
5.194285000000006,10973.936899866474
5.194749000000006,12422.360248458339
5.2033810000000065,8298.75518671656
5.206028000000007,8016.0320641278195
5.220392000000006,9163.80297823234
5.220813000000006,8238.928939239315
5.227043000000006,11782.032400591286
5.227722000000006,8290.155440415516
5.228291000000006,9489.916963219894
5.232812000000006,9049.773755655015
5.233696000000006,8752.735229760647
5.234242000000006,10000.0000000011
5.234610000000006,9592.326139086159
5.235042000000006,10050.251256278365
5.235444000000006,9478.672985783733
5.259650000000007,8483.56309650528
5.285131000000004,9768.009768010923
5.285631000000004,10884.353741487768
5.333873000000005,8752.735229760647
5.3344800000000046,9411.764705874784
5.343853000000005,8456.659619451288
5.3447990000000045,8154.9439347576
5.345405000000005,10884.353741500921
5.3512860000000035,8483.56309650528
5.351823000000003,13223.140495863643
5.352229000000003,11396.011396004506
5.352428000000003,8072.653884964974
5.358432000000003,8456.659619451288
5.377709000000003,8483.56309649729
5.393377000000003,8958.566629334524
5.393888000000003,8998.875140608257
5.411040000000004,10709.504685413904
5.414710000000004,8938.547486034837
5.466754000000003,8064.516129031414
5.481276000000002,8056.394763341426
5.481894000000002,8359.45663532174
5.482269000000002,9259.259259259517
5.482851000000002,10335.917312651904
5.483133000000002,9324.009324009048
5.483625000000003,8421.052631582827
5.485142000000002,8602.150537631454
5.485690000000003,9962.640099622291
5.486072000000003,8238.928939239315
5.494342000000003,10695.187165778992
5.4980170000000035,9153.31807779812
5.498482000000004,10050.251256278365
5.543107000000004,10362.694300524165
5.543645000000003,12944.98381876542
5.548580000000003,8849.557522130259
5.549131000000003,9569.37799043503
5.551383000000002,8316.008316005278
5.5519190000000025,10884.353741500921
5.5523450000000025,9937.888198761188
5.552654000000002,8474.576271189926
5.556281000000002,10825.4397835003
5.562290000000002,9512.485136748472
5.571888,9019.165727164886
5.572220000000001,8376.96335078305
5.572775000000001,8898.776418247055
5.59655,9456.264775422249
5.6058569999999985,10443.864229758352
5.606295999999999,10973.936899853104
5.607024999999999,8032.128514050878
5.607644,11095.700416082367
5.608021,8978.675645340325
5.630616000000002,13937.282229957958
5.6307740000000015,9779.951100236709
5.632421000000003,8583.690987118947
5.6439410000000025,8072.653884964974
5.6446840000000025,13628.62010220682
5.646186000000003,8205.12820513238
5.6467560000000026,9227.220299889907
5.648848000000002,8221.993833503673
5.6520540000000015,8978.675645349274
5.652522000000001,13888.888888896416
5.662749000000001,9478.672985783733
5.664805000000001,8988.76404494324
5.6707360000000016,8105.369807495059
5.672527000000001,8064.516129031414
5.6730040000000015,8762.322015336755
5.6735190000000015,8376.96335079084
5.679693000000001,9501.187648460962
5.703047000000001,8948.545861300257
5.720707,8667.388949076938
5.721191,8648.648648643892
5.725403000000001,8639.308855285526
5.728143000000002,8547.008547014193
5.728763000000002,11444.921316165866
5.730181000000002,8298.755186724205
5.7393420000000015,11940.29850747152
5.739652000000001,9937.888198761188
5.740012000000001,8447.729672650197
5.7461780000000005,8255.933952524616
5.7466680000000006,9153.31807779812
5.751438,9237.875288680878
5.754821000000001,8376.96335078305
5.755418000000001,10416.666666668296
5.755776000000001,11204.481792725917
5.7561860000000005,8810.572687225555
5.760728,8667.388949085278
5.761221,8611.410118413456
5.769876,8342.022940563676
5.776275999999999,8667.388949076938
5.778684999999999,8686.21064060851
5.779249999999999,9478.672985783733
5.810157999999999,8032.12851405804
5.814729999999998,8368.200836816573
5.815271999999998,8196.721311470941
5.815685999999999,8342.022940555951
5.816247999999999,9184.84500573983
5.816644999999999,8376.96335079084
5.821726999999999,8676.789587851654
5.825734,8898.776418247055
5.826095,8519.701810438439
5.826632999999999,8213.552361394175
5.827033999999999,9523.809523807551
5.8276069999999995,14732.965009197134
5.8278739999999996,10471.204188478812
5.8294239999999995,8412.197686648271
5.829979999999999,8791.208791206971
5.831493999999999,9195.402298851353
5.838426,8088.978766426054
5.843591000000001,9101.251422067468
5.844169000000001,8820.286659310035
5.844470000000001,8898.776418238263
5.8450760000000015,11157.601115762342
5.845369000000002,8528.784648190713
5.845793000000001,8307.372793357526
5.848964000000001,10666.666666666262
5.849453000000001,11173.184357546317
5.849714000000001,8888.888888892061
5.851235000000001,10723.860589807193
5.851638000000001,9174.311926603337
5.855710000000002,8255.933952532183
5.863807000000002,9638.554216871367
5.864302000000002,9259.259259259517
5.865166000000002,8146.639511204995
5.865672000000002,8483.56309649729
5.866148000000002,10178.117048338034
5.8695650000000015,9009.009009011263
5.8700100000000015,9009.009009011263
5.873107000000001,8421.052631582827
5.873448000000001,8205.12820513238
5.8740570000000005,11396.011396018923
5.907016,8290.155440415516
5.907557,8791.208791206971
5.916473999999999,8456.659619451288
5.917021999999999,8171.603677221127
5.919817999999999,8368.200836824348
5.923691999999999,9163.80297823234
5.924564999999999,8574.490889604802
5.9252899999999995,11940.29850747152
5.9286699999999986,9132.420091325484
5.931333999999999,8898.776418247055
5.933260999999998,9227.220299880453
5.936040999999999,9101.251422067468
5.938394999999999,8230.45267489735
5.940157999999999,8333.33333333271
5.9411179999999995,9467.455621301948
5.946498,9009.009009011263
5.9495569999999995,8088.978766426054
5.950087,11142.061281337103
5.950546,9313.154831197278
5.958305,8528.784648190713
5.9644129999999995,8008.008008013571
5.966905999999999,10680.907877171147
5.9672969999999985,11922.503725772956
5.967654999999999,8629.989212514414
5.969854999999999,8171.603677221127
5.978827999999999,8501.594048883437
5.982307999999999,9744.214372724573
5.9828709999999985,11494.252873570058
5.983128999999998,8483.56309649729
5.988541999999999,9142.85714285989
5.9944539999999975,9163.80297823234
6.009851999999998,9661.835748799449
6.011326999999997,11747.43024963024
6.011727999999997,12326.656394450692
6.0275339999999975,9615.384615385265
6.053872999999999,8403.361344539211
6.054415,9009.009009011263
6.054824999999999,10088.27238335662
6.055302999999999,11477.761836446412
6.055617999999999,9685.230024213153
6.057281999999999,10484.927916119626
6.064658999999999,9803.921568633652
6.065108999999999,9732.360097330298
6.065930999999998,8196.7213114784
6.070864999999998,8620.689655172044
6.0714609999999976,8938.547486034837
6.071792999999998,8350.730688937092
6.072355999999997,9029.345372456559
6.073241999999998,8849.557522121564
6.073767999999998,8602.150537631454
6.090550999999998,8000.000000004434
6.091165999999998,9184.84500573983
6.100070999999997,8171.603677221127
6.102299999999997,12598.425196851562
6.102716999999997,9269.988412516244
6.130540999999996,9876.543209882233
6.1309029999999956,8762.322015336755
6.131350999999995,9987.51560549249
6.133168999999995,8032.12851405804
6.133677999999995,8403.361344539211
6.137327999999995,9950.248756213075
6.141530999999995,9523.809523807551
6.148360999999996,8196.7213114784
6.160838999999996,8403.361344539211
6.170493999999994,8421.052631582827
6.171102999999994,9557.945041818812
6.174119999999994,13864.818024267573
6.174435999999994,10101.010101014159
6.174696999999994,9184.845005749197
6.1752279999999935,9638.554216871367
6.183194999999993,8620.689655172044
6.194186999999994,8733.624454155615
6.195102999999993,8205.128205124904
6.1957839999999935,10610.07957558855
6.202870999999994,8510.638297872876
6.203285999999994,8574.490889604802
6.210223999999994,9142.85714285061
6.210753999999994,8839.779005521172
6.211098999999995,9132.420091325484
6.211658999999995,9950.248756224068
6.214939999999994,9852.216748770743
6.225051999999995,8359.45663532174
6.225722999999995,11904.761904765734
6.242882999999995,9696.969696971417
6.243257999999995,8146.639511204995
6.246366999999994,10767.160161508298
6.246681999999994,8667.388949076938
6.247604999999994,10322.580645161688
6.248172999999994,13888.888888896416
6.248379999999994,10457.516339864515
6.248748999999994,9195.402298851353
6.249144999999994,8791.208791215551
6.253024999999994,9535.160905839897
6.253495999999994,8918.61761426832
6.254392999999994,8056.394763341426
6.257908999999994,8724.10032715111
6.258460999999994,9111.61731207127
6.260397999999994,9603.84153662392
6.263357999999993,9433.962264146448
6.2642059999999935,8492.569002121156
6.2648159999999935,9696.969696971417
6.267385999999994,8024.072216643489
6.272097999999995,9184.84500573983
6.287810999999996,8273.009307134083
6.289333999999996,9650.180940898175
6.2898019999999955,11477.761836446412
6.290162999999995,9975.06234413727
6.290498999999995,9122.006841504957
6.2926299999999955,10349.28848640881
6.293025999999996,9019.165727164886
6.293402999999996,8762.322015328231
6.293912999999996,8705.114254619304
6.304103999999997,8385.744234799771
6.316287999999997,8830.0220750588
6.316856999999996,10191.082802553074
6.317193999999996,8869.179600887328
6.319573999999996,9661.835748789086
6.325433999999996,8080.808080809515
6.328987999999996,10471.204188478812
6.330970999999997,8113.59026369773
6.331488999999997,8705.114254627717
6.3319569999999965,8342.022940563676
6.3324079999999965,8791.208791206971
6.332915999999996,10680.907877171147
6.335893999999996,9433.96226415633
6.336350999999996,8629.989212514414
6.343509999999996,11976.047904189592
6.343826999999996,9205.983889530455
6.345792999999995,8324.661810619804
6.357997999999995,8205.128205124904
6.360761999999995,8163.265306120758
6.361741999999995,8574.490889604802
6.362205999999995,8281.573498964612
6.365252999999996,8230.45267489735
6.381941999999997,9501.187648460962
6.382227999999997,8171.6036772285415
6.409264999999996,8394.543546694811
6.420425999999996,9216.589861754903
6.429448999999996,9937.888198761188
6.4316419999999965,8138.351983725497
6.432229999999996,8820.286659318674
6.440453999999997,11730.205278587327
6.446725999999998,9685.230024213153
6.452012999999998,10928.961748631238
6.4567929999999985,8213.552361394175
6.4573589999999985,10309.278350514003
6.457766999999999,9768.009768010923
6.458585999999999,8998.875140608257
6.4591699999999985,12213.740458013921
6.461369999999999,8130.08130081405
6.4850059999999985,8324.66181061211
6.485470999999999,9313.154831197278
6.485966999999999,11560.693641619919
6.486329999999999,10062.893081759725
6.486658999999999,8465.608465602734
6.488230999999999,9925.558312656782
6.488642999999999,13333.333333324934
6.489036999999999,12121.21212119796
6.502532000000001,10899.182561314312
6.502874000000001,10296.010296018756
6.503266000000001,9111.617312080487
6.5036510000000005,9791.921664631194
6.506636,10989.010989016757
6.506958,8639.308855293813
6.51885,9501.187648460962
6.522641999999999,8255.933952524616
6.523611,8121.8274111674
6.524216,9009.009009011263
6.553074,8859.357696566036
6.553503999999999,8238.928939231779
6.553977,8743.169398907112
6.557444,10554.089709758935
6.561707,10723.86058981996
6.570543,10416.666666668296
6.570929,9456.26477541232
6.571311,8565.310492505441
6.5749509999999995,8281.573498964612
6.576998,8639.308855293813
6.57743,9122.006841504957
6.582664,8188.331627432724
6.583266,10243.277848912692
6.583641,9535.160905839897
6.584047,8048.289738427478
6.586454,9356.725146193421
6.586817,8221.993833503673
6.588582,9768.009768010923
6.590341,9259.259259259517
6.590820999999999,9080.590238359558
6.594582,9900.990099008162
6.594998,9378.663540452892
6.597244,10322.580645161688
6.597683,8483.56309650528
6.599676,10526.315789466233
6.600154,10568.031704093455
6.600436,10062.893081759725
6.600911,8686.21064060851
6.603177,8213.552361394175
6.6038049999999995,11976.047904189592
6.604151,8830.0220750588
6.610124999999999,8016.0320641278195
6.610606999999999,9039.548022596351
6.615425999999999,9313.154831197278
6.622596,9467.455621301948
6.635213999999999,8978.675645340325
6.645041999999998,10526.315789478534
6.645480999999998,8474.576271189926
6.652098999999999,8879.023307429217
6.654648999999999,10282.776349620986
6.655136999999999,8230.45267489735
6.659863999999998,9324.009324009048
6.662504999999998,9039.548022596351
6.667013999999998,8474.576271181952
6.677423999999998,9422.850412253529
6.677866999999997,9603.841536613681
6.682105999999997,8359.45663532174
6.690705999999995,8733.624454147148
6.694657999999996,11976.047904189592
6.707631999999996,9626.955475322906
6.7084629999999965,8230.45267489735
6.709140999999996,10680.907877171147
6.712300999999996,9987.51560549249
6.732504999999995,8230.45267489735
6.732998999999995,9356.725146193421
6.733476999999995,8429.926238142656
6.738077999999995,9592.326139086159
6.738423999999996,8830.0220750588
6.738911999999996,8333.33333333271
6.752528999999995,8255.933952524616
6.760632999999996,10403.120936280618
6.765618999999996,8130.08130081405
6.766213999999995,9900.990099008162
6.777025999999996,8333.33333333271
6.779113999999996,8724.10032715111
6.779671999999996,8918.61761426832
6.785287999999996,8676.789587851654
6.791712999999997,8088.978766433318
6.795755999999996,9195.402298851353
6.796625999999996,10152.28426395925
6.7971419999999965,9259.259259259517
6.799836999999997,8556.14973261913
6.800480999999997,11363.636363639336
6.800771999999997,10349.2884864207
6.801184999999997,10973.936899866474
6.801544999999996,9049.773755655015
6.807819999999997,8238.928939239315
6.809558999999997,8447.729672650197
6.810013999999996,9090.909090904586
6.810505999999997,9090.909090904586
6.810893999999997,9280.742459390458
6.812650999999997,10854.816824966261
6.8148079999999975,11527.377521610602
6.815206999999997,12539.18495297097
6.816715999999998,8629.989212514414
6.817229999999998,8978.675645340325
6.817642999999998,8556.14973261913
6.820746999999997,13913.043478271804
6.821080999999997,12213.740458013921
6.822668999999997,9913.258983890928
6.823147999999997,13223.140495883057
6.823475999999997,9900.990099019045
6.830005999999996,10256.41025640146
6.8343069999999955,10243.277848912692
6.834761999999995,9975.06234413727
6.838955999999995,11396.011396018923
6.839240999999995,9080.590238368713
6.841685999999995,8113.590263690421
6.842230999999995,8376.96335078305
6.842671999999995,8695.652173914841
6.8444159999999945,9195.402298841966
6.8567049999999945,8869.179600887328
6.857300999999994,9174.311926603337
6.860454999999995,11142.061281337103
6.868284999999996,8097.165991906565
6.871360999999996,8791.208791206971
6.8869519999999955,8791.208791206971
6.887443999999996,8714.596949895526
6.895020999999995,8429.926238150545
6.895374999999995,8620.689655172044
6.895969999999995,12084.59214501214
6.896302999999995,10512.48357424732
6.896631999999995,9512.485136738425
6.898533999999995,12698.41269841007
6.898764999999996,9080.590238368713
6.900502999999995,8281.573498964612
6.902500999999996,8412.197686648271
6.905479999999995,11799.41002948769
6.905900999999996,12121.21212119796
6.920373999999997,9876.543209871405
6.921724999999998,8978.675645349274
6.924864999999996,8456.659619451288
6.935623999999995,8583.690987127127
6.936144999999995,8676.789587851654
6.937066999999995,8307.372793349865
6.9388719999999955,10403.120936280618
6.939209999999996,10403.120936280618
6.9396409999999955,9744.214372714032
6.941187999999996,8800.880088008329
6.948719999999998,14705.882352950479
6.961870999999999,11922.503725772956
6.962190999999999,9467.455621301948
6.967367999999999,8978.675645340325
6.9678939999999985,9259.259259259517
6.968258999999999,8307.372793357526
6.9687579999999985,9227.220299880453
6.9714269999999985,10709.50468540117
6.971720999999999,8743.169398907112
6.9830760000000005,8537.8868729952
6.985323000000001,9720.534629399157
7.012826,9248.554913293561
7.0168729999999995,8105.369807495059
7.01727,8221.993833503673
7.01786,9122.006841504957
7.019816,8830.0220750588
7.0203809999999995,11887.0728083223
7.020721999999999,9840.098400984583
7.022335999999999,8771.929824556903
7.0228909999999996,10204.081632648637
7.023248,8221.993833503673
7.023675,8088.978766433318
7.024664,8154.9439347576
7.025332,9060.022650056962
7.027296,8368.200836824348
7.029586999999999,10230.179028132201
7.031287999999999,14842.300556566077
7.0315319999999994,11887.072808306611
7.031827,9791.92166462055
7.032205,8988.76404494324
7.0401620000000005,8492.569002121156
7.042496000000001,9650.180940887838
7.044772000000001,9478.672985783733
7.045212000000001,10243.277848912692
7.045616000000001,9184.84500573983
7.047381000000001,10840.10840108214
7.047738000000001,9090.909090913763
7.048119000000001,9852.216748770743
7.048618,10738.255033553909
7.0493630000000005,8705.114254619304
7.049950000000001,15267.17557250705
7.059292,8438.818565399322
7.059755,8298.75518671656
7.066869000000001,9248.554913293561
7.067373000000002,11034.48275861937
7.0677340000000015,9478.672985783733
7.068098000000002,8705.114254627717
7.068578000000001,8138.351983725497
7.069017000000001,8238.928939239315
7.072452000000001,8412.197686640415
7.075648000000001,9603.841536613681
7.076120000000001,8394.543546694811
7.079277000000001,11283.497884350088
7.079614000000001,9535.160905839897
7.089636000000002,8298.75518671656
7.090274000000003,9557.945041808669
7.093314000000003,8163.265306120758
7.113248000000001,9720.534629409647
7.113787000000001,9389.671361501521
7.114071000000001,8113.590263690421
7.119146,8032.12851405804
7.119706,9546.539379476144
7.1201419999999995,10139.41698352151
7.120544,14010.507880913698
7.120931,12718.60095389526
7.121115,8998.875140608257
7.12156,8138.351983725497
7.124111999999999,9367.681498825152
7.124492999999999,10243.277848901043
7.128641,9049.773755655015
7.132318,11157.60111574852
7.132848,17057.569296349124
7.1330350000000005,9060.022650056962
7.133317000000001,8146.639511204995
7.14009,8188.331627432724
7.1406979999999995,8316.008316005278
7.141067,8040.201005020897
7.1447519999999995,9791.921664631194
7.146718999999999,8342.022940563676
7.1472169999999995,9313.154831206908
7.147677999999999,9501.187648460962
7.162347,8800.880088008329
7.16287,9975.06234413727
7.165812000000001,9732.360097330298
7.1747260000000015,9009.009009002251
7.175243000000002,11188.811188803907
7.175614000000002,8113.590263690421
7.177108000000002,8316.008316012956
7.178740000000002,10416.666666656249
7.180399000000003,10430.247718386845
7.186446000000002,11994.002998501232
7.186825000000002,9650.180940887838
7.191628000000002,8928.57142857135
7.1937960000000025,9049.773755655015
7.194338000000003,9009.009009011263
7.194680000000003,8978.675645340325
7.195226000000003,8255.933952524616
7.197823000000003,8238.928939239315
7.198430000000003,12176.560121759083
7.198794000000003,8800.880088008329
7.204757000000003,8205.128205124904
7.205230000000004,9456.26477541232
7.223110000000003,9661.835748789086
7.223478000000003,8403.361344531371
7.223938000000003,8342.022940555951
7.2244300000000035,8908.685968816748
7.224897000000004,12084.59214501214
7.225328000000004,12779.552715645572
7.225559000000004,9090.909090904586
7.225954000000004,9489.916963219894
7.2264390000000045,8928.57142857135
7.251140000000005,8273.009307134083
7.264348000000004,10101.01010100283
7.266076000000004,8171.603677221127
7.275975000000004,8368.200836816573
7.278650000000004,11315.417256021767
7.279003000000004,10884.353741500921
7.279357000000004,8629.989212514414
7.285458000000003,9049.773755664106
7.2860020000000025,9535.160905849993
7.287457000000002,8574.490889604802
7.290322000000001,9334.889148192611
7.29262,10050.251256289579
7.293114,10101.010101014159
7.294929,12422.360248441206
7.305353,9195.402298851353
7.305907,9650.180940898175
7.306223,8213.552361401666
7.320240999999999,8791.208791206971
7.320567,9132.420091325484
7.3211509999999995,11428.571428569063
7.322998999999999,8743.169398907112
7.3235079999999995,8196.7213114784
7.323913999999999,8154.943934764983
7.324483999999999,8602.150537639669
7.324894999999999,8350.730688937092
7.3254139999999985,8705.114254627717
7.325852999999999,8968.609865476394
7.332494999999997,8528.784648190713
7.3404719999999966,8667.388949076938
7.3459889999999985,9184.84500573983
7.346453999999999,10322.580645161688
7.346859999999999,11922.503725788738
7.347228999999999,10217.113665398505
7.347530999999998,9708.737864081042
7.348011999999998,8879.02330743797
7.348354999999998,8196.7213114784
7.348912999999998,9685.230024213153
7.351819999999997,8376.96335078305
7.356140999999998,9248.554913293561
7.3588809999999985,8583.690987127127
7.359329999999998,8879.02330743797
7.365414999999998,10230.179028132201
7.365711999999998,9779.951100236709
7.366196999999998,11510.79136690094
7.366529999999998,10416.666666668296
7.366891999999998,8307.372793357526
7.3832320000000005,9174.311926603337
7.383754000000001,9523.809523807551
7.384104000000001,8316.008316005278
7.384594000000001,9433.962264146448
7.385066000000001,8733.624454147148
7.388991000000002,10443.864229758352
7.400837000000002,9523.809523807551
7.401244000000002,9937.888198761188
7.401677000000002,9720.534629409647
7.402049000000002,10296.010296006987
7.402500000000002,10989.010989003351
7.402826000000002,9696.969696971417
7.403228000000002,9864.364981508292
7.403651000000002,8574.490889604802
7.408553000000001,8264.462809922361
7.409521000000001,8032.12851405804
7.410043000000001,8978.675645349274
7.41262,9227.220299880453
7.413042000000001,9950.248756213075
7.413487000000001,9280.742459390458
7.4193380000000015,11799.410029503148
7.420575000000001,8928.57142857135
7.421027000000001,9696.969696971417
7.421471000000001,8830.0220750588
7.422986000000001,8695.652173914841
7.423436000000001,10596.026490068483
7.423906000000001,10075.566750630212
7.424191,8556.14973261913
7.425918,10075.566750630212
7.431757000000001,11560.693641619919
7.432241000000001,12326.656394450692
7.435328000000001,11111.111111106853
7.435685000000001,8869.179600887328
7.437678000000001,9962.640099622291
7.439380000000002,9009.009009011263
7.440268000000001,8273.009307134083
7.440823000000002,9227.220299889907
7.442840000000001,9070.294784582275
7.443526000000001,11299.435028256778
7.443722000000001,8849.557522130259
7.445514,9060.022650056962
7.445871,8629.989212514414
7.4475180000000005,8565.310492505441
7.449523,10540.1844532224
7.454219000000001,10113.780025290305
7.454611000000001,9456.26477541232
7.458672000000001,8290.155440415516
7.461254000000001,8290.155440415516
7.463833000000001,8830.022075050145
7.464393000000001,13179.571663910756
7.464739000000002,12030.075187975468
7.467792000000001,8724.10032715111
7.4788320000000015,8171.603677221127
7.511188000000003,8830.0220750588
7.514021000000003,8264.462809914778
7.514510000000003,11611.03047894854
7.5149890000000035,10914.051841741531
7.516969000000004,10781.67115903258
7.536762000000004,8040.201005020897
7.537291000000004,10309.278350514003
7.5377570000000045,10899.182561314312
7.542817000000004,8762.322015336755
7.543363000000004,8733.624454147148
7.546980000000004,10914.051841741531
7.551091000000004,8447.729672650197
7.553639000000004,9661.835748789086
7.557434000000004,8752.735229760647
7.557975000000004,10230.179028132201
7.572738000000005,9852.216748759967
7.580653000000005,8620.689655172044
7.581244000000005,8968.609865467464
7.588875000000006,9080.590238368713
7.589332000000006,10178.117048349535
7.589756000000006,8978.675645340325
7.590118000000006,8859.357696566036
7.602393000000007,8056.394763341426
7.6030110000000075,8255.933952524616
7.6033860000000075,8056.394763341426
7.603980000000008,10596.026490068483
7.625114000000006,8064.516129038634
7.625740000000006,11095.700416096035
7.629212000000004,8456.659619451288
7.6296710000000045,10256.410256413137
7.630158000000004,9456.26477541232
7.6436320000000055,9248.554913293561
7.650776000000006,8762.322015336755
7.6686280000000036,10296.010296006987
7.668884000000004,8620.689655172044
7.669405000000004,10362.694300512241
7.669812000000004,9768.009768000331
7.679089000000005,9546.539379466025
7.681040000000006,9987.51560549249
7.681518000000006,9205.983889530455
7.690687000000006,10389.610389620222
7.694397000000005,9696.969696971417
7.694962000000005,11412.26818829779
7.721916000000007,9101.251422076664
7.725328000000006,8602.150537639669
7.726258000000006,8403.361344539211
7.726860000000006,10139.41698352151
7.731603000000006,8146.639511204995
7.747104000000006,8574.490889604802
7.748786000000006,8163.265306120758
7.7647440000000065,8556.14973261913
7.765679000000007,8024.072216650637
7.766234000000007,9603.84153662392
7.767700000000006,9060.022650056962
7.768170000000006,11428.571428569063
7.768583000000006,8839.779005521172
7.770289000000006,8205.12820513238
7.770770000000006,8016.0320641278195
7.771264000000006,9195.402298851353
7.771768000000006,9195.402298851353
7.772134000000006,9546.539379476144
7.772638000000006,9638.554216871367
7.783357000000006,10243.277848912692
7.7837170000000055,9791.92166462055
7.785142000000006,8179.95910020514
7.786120000000006,11976.047904189592
7.786606000000006,12944.983818784023
7.797019000000006,8537.886873003292
7.807545000000006,9291.521486648224
7.808052000000006,9720.534629409647
7.808406000000006,10752.688172041884
7.808875000000006,8368.200836816573
7.809831000000006,8519.701810438439
7.810394000000006,9900.990099008162
7.810770000000006,8438.818565399322
7.816344000000006,11661.807580175531
7.816831000000006,14760.147601468812
7.817030000000006,8676.789587851654
7.839288000000007,8032.12851405804
7.841130000000007,8368.200836824348
7.841669000000007,9049.773755655015
7.849491000000007,8171.603677221127
7.850112000000006,10443.864229758352
7.853241000000007,8281.573498964612
7.853865000000007,10796.221322542086
7.854207000000007,9467.455621301948
7.854606000000007,8171.603677221127
7.859260000000006,8800.880088008329
7.859774000000006,10680.907877171147
7.860169000000006,11157.601115762342
7.860523000000006,9791.92166462055
7.870800000000006,8465.60846561069
7.878669000000005,10269.576379979058
7.879101000000005,11142.061281337103
7.884460000000004,8394.543546694811
7.890125000000005,8273.009307134083
7.907747000000005,8238.928939239315
7.915415000000005,9334.889148192611
7.920098000000004,11034.48275861937
7.920557000000004,13445.378151267756
7.920823000000004,11976.047904189592
7.921152000000004,8171.603677221127
7.924032000000004,9101.251422067468
7.925620000000004,8528.784648190713
7.957934000000004,8501.594048883437
7.961693000000005,9378.663540443125
7.972943000000004,8394.543546694811
7.973441000000005,10695.187165778992
7.977242000000004,8230.45267489735
7.977759000000004,10781.67115903258
7.978214000000004,11713.03074669828
7.978501000000004,9876.543209871405
7.978897000000004,10025.062656635066
7.9793110000000045,9195.402298841966
7.979695000000005,8138.351983718144
7.980181000000005,8583.690987118947
7.9806780000000055,9367.681498825152
7.981113000000006,9523.809523807551
7.987986000000006,8695.652173906446
7.988509000000006,9708.737864070577
7.991136000000006,8307.372793357526
7.993578000000006,8429.926238142656
8.012413000000006,8839.779005529848
8.012924000000005,9852.216748770743
8.013318000000005,11204.481792711978
8.014793000000006,10269.576379979058
8.015075000000007,8273.009307141681
8.026456000000003,8196.7213114784
8.035833000000004,9367.681498825152
8.046606000000002,8188.331627440169
8.057932,9101.251422076664
8.079556999999996,10050.25125626715
8.081597999999998,14159.292035400067
8.082007999999998,13377.92642140248
8.083170999999998,8492.56900213717
8.087374999999996,20460.358056241166
8.100954999999997,8040.201005028074
8.106332999999996,8438.81856540723
8.106859999999996,8948.545861309149
8.114414999999992,9557.945041808669
8.114869999999993,8196.7213114784
8.115845999999992,9080.590238368713
8.116477999999992,18181.818181845876
8.116726999999992,10113.780025290305
8.12432899999999,8888.888888892061
8.129487999999991,8376.963350775259
8.130442999999993,8350.73068892935
8.130879999999992,9101.25142205827
8.131400999999993,9195.402298841966
8.131758999999994,8113.590263683112
8.132270999999994,8968.609865467464
8.132744999999995,9661.835748789086
8.133162999999994,8888.888888892061
8.134784999999994,8743.1693989156
8.138467999999992,9324.009323999397
8.139050999999993,10050.25125626715
8.155352999999995,8247.422680407426
8.170583999999995,9227.220299889907
8.177153999999993,11331.444759191012
8.179414999999993,9039.548022614494
8.179980999999993,10680.907877183812
8.180299999999992,9163.80297823234
8.180729999999992,8519.70181043038
8.189201999999993,9313.154831197278
8.192200999999992,8213.552361386684
8.194986999999994,9925.558312645844
8.208538999999996,15094.339622656451
8.208780999999997,13266.998341627206
8.209068999999996,9345.794392516442
8.218564999999996,8537.886873011385
8.219501999999995,8483.563096489299
8.221217999999997,16494.84536084506
8.221559999999997,13400.335008396072
8.221702999999996,8528.784648190713
8.222156999999996,8385.744234799771
8.225757999999997,8394.543546686986
8.226710999999998,9864.364981497489
8.227262999999999,15904.57256460783
8.227521999999999,11747.43024963024
8.231011999999998,8743.169398898624
8.231532999999999,8171.6036772285415
8.233095999999998,12678.288431056377
8.233575999999998,19851.11662529169
8.233726999999998,9411.76470588462
8.242889999999997,9913.258983890928
8.253534999999996,9216.589861764332
8.254033999999995,8988.76404494324
8.262514999999997,10025.062656646223
8.267010999999997,11904.761904765734
8.267318999999997,8483.56309650528
8.269604999999997,11251.758087188555
8.270152999999997,11976.047904173669
8.272565999999998,10296.010295995218
8.272937999999998,9864.364981497489
8.273342999999999,9815.950920253299
8.273748999999999,8695.652173923236
8.274157999999998,8918.61761426832
8.275054999999998,9009.009009011263
8.275698999999998,11958.146487289952
8.277533999999998,8221.993833503673
8.278077999999997,8385.744234799771
8.278506999999998,9060.022650056962
8.279031999999997,8820.286659318674
8.280486999999997,8781.55872667082
8.281077999999997,12539.18495297097
8.281397999999998,11958.146487289952
8.281715999999998,9876.543209882233
8.284937999999997,8676.789587843294
8.285440999999997,9840.098400973833
8.285859999999998,8988.76404494324
8.287775999999997,8771.929824565445
8.288390999999997,9334.889148192611
8.288687999999997,8648.648648643892
8.290253999999997,9227.220299889907
8.295394999999996,14084.507042266965
8.298367999999995,11034.482758605853
8.300065999999996,8368.200836816573
8.304603999999996,11922.50372580452
8.305012999999995,10335.917312663763
8.308417999999996,11049.723756906888
8.310179999999995,8113.590263683112
8.310636999999996,8342.022940563676
8.311165999999997,8421.052631582827
8.324458999999994,8196.721311463483
8.328570999999995,8695.652173923236
8.329093999999994,8556.14973261913
8.329490999999994,9592.326139075944
8.330028999999994,12698.412698392167
8.330324999999995,9302.325581382443
8.330658999999995,8273.009307126484
8.331184999999996,8138.351983725497
8.335478999999996,10101.01010100283
8.339148999999995,10217.113665386914
8.339608999999996,10178.117048349535
8.339931999999996,8483.56309650528
8.340394999999996,8072.653884972209
8.341385999999995,8978.675645331376
8.341963999999995,9803.921568622982
8.352257999999996,10204.081632660196
8.361987999999995,8898.776418238263
8.362362999999995,9313.154831197278
8.366186999999993,8154.943934764983
8.366735999999992,9153.31807780742
8.367167999999992,8290.155440423147
8.368132999999991,8113.590263683112
8.368649999999992,9828.009828008711
8.369118999999992,9950.24875623506
8.38000799999999,9546.539379476144
8.393279999999988,8948.545861291368
8.393675999999989,8097.165991906565
8.394173999999989,8908.685968825559
8.395825999999989,8639.308855277239
8.411633999999992,12861.736334370473
8.416149999999995,13986.013986013571
8.416358999999995,9237.875288680878
8.428394999999993,8492.569002121156
8.431027999999992,13769.36316698646
8.431180999999992,11126.564673155055
8.431608999999991,10884.353741487768
8.431899999999992,9779.951100236709
8.434131999999993,9768.009768010923
8.434657999999994,10416.666666680343
8.438676999999993,8412.197686656127
8.439213999999993,12102.874432693608
8.439627999999992,9626.955475333196
8.463569999999994,9367.681498844637
8.480021999999995,8465.60846561069
8.493140999999993,9445.100354188316
8.503316999999992,8247.422680407426
8.506651999999992,8800.880088008329
8.511151999999992,9546.539379476144
8.511524999999992,9523.809523807551
8.511989999999992,9101.251422076664
8.51383599999999,8839.779005529848
8.51437699999999,9864.364981519095
8.51474099999999,8556.14973261913
8.51518799999999,8403.361344539211
8.51567599999999,8188.331627440169
8.517165999999989,8928.5714285802
8.517709999999989,9913.258983890928
8.518061999999988,9367.681498825152
8.521426999999989,9756.097560985667
8.521927999999988,11065.006915645867
8.522246999999988,11126.564673155055
8.522650999999987,9557.945041808669
8.53481699999999,8032.128514050878
8.542509999999991,8724.10032715956
8.54488199999999,9039.548022596351
8.57137299999999,9378.663540452892
8.57191399999999,10781.671159045485
8.580634999999988,10554.0897097713
8.596671999999986,9356.725146203142
8.600071999999985,12461.059190047781
8.600513999999984,16771.488469599542
8.600713999999984,9324.009323999397
8.618644999999988,9334.889148192611
8.622833999999989,8968.609865467464
8.623367999999989,10322.580645149857
8.63041199999999,8403.361344539211
8.63663599999999,11428.571428569063
8.63699999999999,9422.85041224367
8.676045999999985,8978.675645331376
8.676614999999986,10512.483574235051
8.676936999999986,9029.34537246561
8.682239999999986,10075.566750618942
8.682685999999986,9615.384615374998
8.685724999999987,11267.605633806525
8.686125999999987,9720.534629399157
8.71127599999999,8056.39476333422
8.71431599999999,9142.85714285061
8.71486199999999,11695.906432723552
8.765730999999992,8342.022940563676
8.78091999999999,10914.051841741531
8.790019999999991,9888.7515451357
8.79572399999999,9153.31807780742
8.797729999999989,8264.462809929943
8.806216999999988,8316.008316012956
8.811000999999987,10810.810810804865
8.83808799999999,8771.929824565445
8.850034999999991,10126.58227847729
8.852896999999992,9467.455621301948
8.871956999999991,8421.052631582827
8.874807999999991,8221.993833518683
8.87720399999999,10752.68817205472
8.88577999999999,8171.6036772285415
8.88665599999999,8474.576271197899
8.897510999999989,9650.180940877499
8.89799699999999,8105.369807495059
8.90223799999999,8048.289738427478
8.90566699999999,8307.372793349865
8.91209499999999,8629.989212506145
8.91262599999999,8839.779005529848
8.935991999999988,8510.638297872876
8.943689999999988,8648.648648643892
8.944408999999988,15094.339622605861
8.944614999999988,9580.838323349126
8.95460099999999,8163.265306120758
8.959865999999991,12422.360248458339
8.96293999999999,9433.96226415633
8.968452999999991,14925.373134319614
8.979789999999992,8998.875140617249
9.012419999999993,10869.565217367317
9.031555999999998,9864.364981497489
9.063053999999998,10178.117048326532
9.129072999999998,8447.729672650197
9.178620000000002,8016.0320641349535
9.184285000000003,10050.25125626715
9.184757000000003,9345.794392516442
9.227010000000002,9174.311926593993
9.227681000000002,11331.444759191012
9.283351000000005,8179.959100190283
9.283986000000006,10269.576379955639
9.284329000000007,8316.0083159976
9.297275000000008,9603.841536613681
9.297788000000008,9334.889148192611
9.326889000000008,8281.573498964612
9.40184200000001,8483.563096489299
9.45613400000001,8667.388949076938
9.508496000000012,9888.751545113986
9.514291000000012,8928.5714285802
9.571847000000014,9070.29478457314
9.839304000000018,8163.265306120758
9.839919000000018,9546.539379476144
10.006570000000014,10165.184243954614
10.258298000000021,9803.921568622982
10.258690000000021,9661.835748789086
10.56006900000002,8898.776418238263
