Time,Frequency
6.9e-05,57142.857142857145
0.000138,55555.55555555556
0.00020899999999999998,54794.52054794522
0.00028199999999999997,54054.05405405407
0.00035499999999999996,53333.33333333335
0.00042999999999999994,52631.57894736842
0.0005049999999999999,51948.05194805193
0.0005819999999999999,51612.903225806425
0.000659,50632.91139240505
0.000737,50000.00000000001
0.000817,49382.7160493827
0.000897,48484.84848484849
0.000979,47619.04761904763
0.001062,46783.62573099417
0.001147,46242.77456647399
0.001233,45714.28571428571
0.00132,45454.54545454547
0.001408,44943.8202247191
0.001496,44444.44444444444
0.001586,44198.89502762432
0.001676,43956.043956043985
0.001767,43715.84699453552
0.0018579999999999998,43478.26086956519
0.00195,43243.24324324318
0.002042,43243.24324324318
0.002135,43243.24324324318
0.0022270000000000002,42780.74866310158
0.0023200000000000004,42780.74866310158
0.0024140000000000003,42780.74866310158
0.0025070000000000005,42780.74866310158
0.0026010000000000004,43010.75268817195
0.0026940000000000006,42780.74866310158
0.002787000000000001,42780.74866310158
0.0028810000000000007,43010.75268817195
0.002974000000000001,42780.74866310158
0.003067000000000001,42780.74866310158
0.003161000000000001,42780.74866310158
0.0032540000000000012,37209.30232558141
0.003348000000000001,30303.030303030315
0.003469000000000001,33333.333333333365
0.003612000000000001,18390.804597701146
0.003709000000000001,12903.225806451606
0.18717200000000003,8695.652173913004
0.18760700000000002,9009.00900900901
0.18809200000000004,8483.563096500535
0.20490400000000003,8403.361344537741
0.2462340000000001,62015.50387596034
0.2462970000000001,61068.70229006702
0.2463630000000001,61068.70229006702
0.24642800000000012,60606.06060605097
0.24649400000000013,59701.49253730319
0.24656000000000014,58823.529411753894
0.24662800000000015,58823.529411753894
0.24669600000000017,57971.014492753944
0.24676400000000018,56737.58865249254
0.24683400000000016,55944.05594406515
0.24690500000000015,55172.413793111635
0.24697700000000014,54794.52054795291
0.24705000000000013,54054.05405406082
0.24712300000000012,52631.57894737345
0.2471980000000001,51948.05194805617
0.2472750000000001,51948.05194805617
0.2473520000000001,51612.90322581029
0.2474290000000001,51282.05128205474
0.2475070000000001,50955.414012741945
0.24758500000000008,50632.91139240779
0.24766400000000008,50314.46540880741
0.24774300000000007,50000.00000000204
0.24782300000000007,50000.00000000204
0.24790300000000007,49689.44099379052
0.24798300000000006,49079.75460122805
0.24806400000000006,48780.4878048788
0.24814600000000006,48780.4878048788
0.24822800000000006,48484.84848484893
0.24831000000000006,47904.19161676633
0.24839300000000006,47619.047619047196
0.24847700000000006,47619.047619047196
0.24856100000000006,47337.27810650818
0.24864500000000006,46783.62573099293
0.24873000000000006,46511.62790697526
0.24881600000000006,46511.62790697526
0.24890200000000007,46242.77456647225
0.24898800000000007,45714.2857142835
0.24907500000000007,45454.545454543004
0.24916300000000008,45197.740112991676
0.24925100000000008,44692.73743016448
0.2493400000000001,44444.44444444111
0.2494300000000001,44198.895027620776
0.2495200000000001,43956.043956040216
0.2496110000000001,43715.84699453158
0.24970200000000012,43478.26086956108
0.24979400000000013,43243.243243238925
0.24988600000000014,43010.752688173954
0.24997900000000015,43010.752688173954
0.2500720000000001,42780.748663103266
0.25016500000000014,42328.042328043506
0.2502590000000001,42105.26315788953
0.25035400000000013,41884.81675392742
0.25044900000000014,41666.66666667318
0.25054500000000013,41666.66666667318
0.2506410000000001,41450.777202072815
0.2507370000000001,41450.777202072815
0.2508340000000001,41237.113402067815
0.2509300000000001,41025.64102564087
0.2510280000000001,41025.64102564087
0.2511250000000001,40816.32653061766
0.2512230000000001,40816.32653061766
0.25132100000000007,40609.137055837
0.25141900000000006,40404.04040403398
0.2515180000000001,40404.04040403398
0.2516170000000001,40201.00502512467
0.2517160000000001,40000.0000000044
0.2518160000000001,40201.00502512467
0.2519160000000001,39999.999999993306
0.2520150000000001,39800.99502487429
0.2521160000000001,40000.0000000044
0.2522160000000001,40000.0000000044
0.2523160000000001,40000.0000000044
0.2524160000000001,40201.00502512467
0.2525160000000001,40404.04040403398
0.2526150000000001,40404.04040403398
0.2527140000000001,40609.137055837
0.2528130000000001,40404.04040404531
0.2529110000000001,40404.04040404531
0.2530110000000001,40816.32653061766
0.2531090000000001,40609.137055837
0.25320700000000007,40816.32653060611
0.2533060000000001,41025.64102564087
0.2534030000000001,41025.64102564087
0.2535010000000001,41237.11340205601
0.2535980000000001,41237.11340205601
0.2536950000000001,41025.64102564087
0.25379200000000013,41025.64102564087
0.2538900000000001,40816.32653060611
0.25398700000000013,40404.04040403398
0.25408600000000015,40201.00502512467
0.25418500000000016,11331.444759207048
0.25428500000000015,10349.288486416985
0.25489100000000015,13050.570962480148
0.3495299999999998,9626.955475330624
0.4423909999999998,40816.32653061766
0.4425139999999998,55172.41379310108
0.4425869999999998,54794.52054793207
0.4426589999999998,53691.27516778155
0.4427329999999998,52631.57894737345
0.4428079999999998,51948.05194805617
0.4428849999999998,50955.41401273294
0.4429619999999998,49999.99999998469
0.4430419999999998,49689.44099378196
0.44312199999999985,49382.71604938409
0.44320299999999985,48780.4878048788
0.44328399999999984,48484.848484840775
0.44336699999999984,48484.848484840775
0.44344899999999987,47904.19161677429
0.44353199999999987,47337.27810651596
0.44361599999999984,47058.8235294108
0.44370099999999985,46783.62573100052
0.44378599999999985,46511.627906990274
0.4438719999999998,45977.011494265564
0.4439579999999998,45454.545454557345
0.4440459999999998,45454.545454557345
0.44413399999999975,45197.74011299876
0.44422199999999973,44692.73743017141
0.44431099999999973,44444.44444445482
0.4444009999999997,44198.89502762755
0.4444909999999997,43956.043956040216
0.4445819999999997,43478.26086956108
0.4446729999999997,43243.24324324541
0.4447659999999997,43243.24324324541
0.4448579999999997,42780.748663103266
0.4449509999999997,42780.748663103266
0.4450449999999997,42553.19148935684
0.4451379999999997,41884.81675392742
0.4452329999999997,41884.81675392742
0.4453289999999997,41666.666666661135
0.4454239999999997,41450.777202072815
0.4455209999999997,41666.66666667318
0.4456169999999997,41450.777202072815
0.4457129999999997,41025.64102564087
0.4458099999999997,41025.64102564087
0.4459079999999997,40816.32653060611
0.4460049999999997,40609.137055837
0.4461039999999997,40404.04040404531
0.4462019999999997,40404.04040404531
0.4463019999999997,40404.04040404531
0.4463999999999997,40201.00502512467
0.4464999999999997,40404.04040403398
0.4465989999999997,39999.999999993306
0.4466979999999997,39408.866995072196
0.4467989999999997,39408.866995072196
0.4469009999999997,39603.96039603265
0.44700199999999973,39999.999999993306
0.44710299999999975,39999.999999993306
0.44720199999999977,39408.866995072196
0.4473029999999998,39603.96039604353
0.4474049999999998,39024.390243900394
0.44750499999999976,38277.51196171979
0.4476099999999998,38834.9514563137
0.4477139999999998,39215.68627451327
0.44781599999999977,39024.390243900394
0.44791799999999976,38647.342995166706
0.4480209999999998,38277.51196171979
0.4481249999999998,38095.238095230205
0.4482299999999998,38461.53846153079
0.4483349999999998,38277.51196171979
0.44843799999999984,38277.51196171979
0.44854399999999983,38095.238095230205
0.44864699999999985,37735.849056595674
0.4487539999999999,38461.53846153079
0.4488589999999999,38834.951456303235
0.4489619999999999,30418.250950568814
0.44906499999999994,27303.75426621275
0.44922499999999993,33898.305084743755
0.4493579999999999,34482.758620688175
0.44946099999999994,34334.763948500324
0.44958999999999993,33613.445378149
0.5430800000000001,8048.289738430175
0.5486270000000001,33472.80334728184
0.5487240000000001,23054.755043228583
0.5488660000000001,23738.8724035586
0.5490710000000001,31249.999999995853
0.5492030000000001,37914.69194313493
0.5493270000000001,45714.28571430525
0.5494140000000001,46242.774566479675
0.549502,46783.62573098533
0.549587,45454.54545452867
0.5496730000000001,44198.89502762755
0.5497630000000001,39603.96039605441
0.5498540000000001,39800.99502487429
0.549965,43956.043956040216
0.5500550000000001,43715.84699455147
0.550147,43956.04395606703
0.550238,38461.53846154106
0.550329,37914.69194311498
0.550446,38277.51196171979
0.55054,38095.238095250344
0.550655,41884.816753939594
0.55075,42105.26315788953
0.550846,42105.26315788953
0.55094,41666.66666667318
0.551036,41450.777202072815
0.551132,41237.11340205601
0.551229,41450.777202072815
0.551326,41237.11340205601
0.551422,41025.64102562919
0.55152,40816.32653061766
0.551617,40201.005025135884
0.551716,40816.32653061766
0.551816,41025.64102565255
0.551912,40201.005025135884
0.5520109999999999,40000.0000000044
0.5521109999999999,40000.0000000044
0.5522109999999999,40000.0000000044
0.5523109999999999,40404.04040403398
0.5524109999999999,40404.04040403398
0.5525089999999999,39408.86699508297
0.5526089999999999,39800.99502487429
0.5527119999999999,40201.00502511346
0.5528099999999999,39603.96039603265
0.5529109999999999,40000.0000000044
0.553012,40000.0000000044
0.5531109999999999,39800.99502487429
0.5532119999999999,40201.005025135884
0.5533119999999999,40201.005025135884
0.5534109999999999,40404.04040403398
0.5535109999999999,31620.553359676454
0.5536089999999999,11627.906976743816
0.566645,9456.264775413561
0.5694429999999999,9153.31807780277
0.569915,8394.543546694811
0.6097580000000001,9685.230024213153
0.6102970000000001,11994.002998499236
0.6105840000000001,10638.29787233921
0.6109640000000002,9389.671361501521
0.6238300000000002,9569.377990431218
0.6242800000000002,8724.10032715428
0.6783110000000002,8978.675645342562
0.6787710000000002,8188.331627430864
0.6975760000000002,8205.128205128642
0.7134960000000001,10126.58227848156
0.7139040000000001,8316.008316008158
0.7159450000000002,8501.59404888444
0.7193700000000001,8583.690987124059
0.7199990000000001,11922.503725780847
0.7203020000000001,8072.65388496407
0.7263430000000001,9433.962264151389
0.726813,8547.008547009124
0.730531,10088.272383353795
0.7310260000000001,9962.640099626424
0.7313240000000001,8800.880088009404
0.7318290000000001,8024.072216650637
0.7362949999999999,8948.545861296925
0.73885,8008.008008007341
0.74256,8528.784648187684
0.7491479999999999,11577.424023154896
0.750794,9732.360097323726
0.7511789999999999,9184.84500573983
0.751616,12638.230647709426
0.75205,19801.980198021763
0.752249,22535.211267606002
0.752454,28880.86642599573
0.7526039999999999,24169.184290032386
0.7527309999999999,23738.8724035586
0.7529349999999999,34042.55319147542
0.753068,38461.538461520526
0.75317,38461.538461520526
0.7532760000000001,39024.390243900394
0.7533780000000001,38095.238095250344
0.7534810000000001,38095.238095250344
0.753588,37735.849056605555
0.753691,33613.445378141165
0.7538,34188.03418802433
0.7539290000000001,38277.51196171979
0.7540340000000001,33613.445378156845
0.7541380000000001,33333.33333333084
0.754272,36697.24770641335
0.7543780000000001,37383.177570085165
0.7544900000000001,34042.55319147542
0.7545920000000002,33195.02074688153
0.7547250000000002,37383.177570085165
0.7548330000000002,33333.33333333084
0.7549390000000002,32388.6639676117
0.7550730000000002,29304.029304020853
0.7551860000000002,23391.812865492666
0.7553460000000003,15686.274509803601
0.7555280000000003,10810.810810811352
0.7849340000000002,8611.410118406253
0.8712660000000005,8064.516129032316
0.8838530000000006,9852.216748768049
0.8892850000000005,14571.948998180877
0.8895380000000005,9756.097560976421
0.8933000000000004,8024.0722166497435
0.8939480000000004,12738.853503183234
0.8942970000000005,10652.463382156313
0.8945760000000005,8196.721311475603
0.8963310000000004,12307.692307691561
0.8996840000000005,11396.011396009912
0.9000560000000005,10695.18716577423
0.9003860000000006,9708.737864077117
0.9012100000000006,8762.322015334623
0.9018040000000006,13888.88888889106
0.9021230000000006,12403.10077519367
0.9023800000000005,14678.89908256833
0.9027680000000006,18264.84018265097
0.9029250000000005,12558.869701726871
0.9032060000000005,9345.794392523714
0.9035620000000005,9132.420091324328
0.9040620000000005,10165.184243963218
0.9044380000000005,11678.832116787526
0.9048490000000006,14414.414414415138
0.9051230000000006,10126.58227848156
0.9054040000000005,10322.580645161688
0.9059130000000005,13093.289689033765
0.9061790000000005,8394.543546693832
0.9065240000000006,9400.705052878457
0.9071320000000006,9501.18764845595
0.9073750000000006,8602.150537634534
0.9079740000000006,12121.212121212233
0.9083050000000006,14134.2756183729
0.9086340000000006,16494.845360822404
0.9088710000000007,17057.56929637335
0.9091190000000007,14184.397163120342
0.9093400000000007,12030.075187969442
0.9096830000000007,12903.225806450262
0.9100050000000007,9876.543209876818
0.9103030000000008,9546.539379474878
0.9108150000000007,14084.5070422532
0.9111410000000008,11695.906432748232
0.9113830000000007,9962.640099626424
0.9118250000000008,13986.013986016287
0.9121860000000007,11396.011396011714
0.9123970000000007,12139.6054628231
0.9128880000000007,21505.376344090186
0.9130560000000006,18140.58956915998
0.9132600000000006,13559.322033896226
0.9134970000000007,12558.869701726871
0.9138500000000007,16227.180527384497
0.9141340000000007,12598.425196849359
0.9143430000000007,8429.926238144628
0.9147690000000007,10943.912448699853
0.9152920000000008,14787.430683918295
0.9155000000000008,10989.010989010054
0.9158330000000008,11396.011396011714
0.9162280000000008,17130.620985010883
0.9165350000000008,21917.808219174494
0.9166950000000008,14311.270125224224
0.9169000000000008,11126.564673158491
0.9172540000000008,10680.907877169564
0.9176190000000007,8403.36134453725
0.9180030000000008,9535.160905839897
0.9185710000000008,16326.530612245217
0.9188420000000008,13816.925734024271
0.9190610000000008,9732.360097323726
0.9194210000000008,9580.83832335422
0.9198830000000008,11644.832605531412
0.9202560000000007,16877.637130798645
0.9205700000000008,19093.078758947227
0.9207300000000008,16771.488469599542
0.9209890000000008,15037.59398495992
0.9212070000000009,16563.146997929223
0.9215210000000009,19512.195121950197
0.9216900000000009,14492.753623188486
0.9219310000000009,14981.273408241848
0.9222420000000009,14545.454545456147
0.9224650000000009,13311.14808652329
0.9227920000000008,14440.433212997865
0.9230660000000008,13722.126929674096
0.9233460000000008,17094.01709401622
0.9236490000000008,19093.078758952288
0.9238140000000008,12519.561815337538
0.9240680000000008,10781.671159029353
0.9244530000000007,12678.288431060839
0.9248100000000008,14362.657091561174
0.9250840000000008,12326.656394452802
0.9253670000000008,12288.786482335678
0.9257330000000008,12924.071082392516
0.9260180000000008,12121.212121212233
0.9263520000000007,9888.7515451167
0.9266780000000008,10973.936899863133
0.9271610000000008,19656.019656022785
0.9274070000000008,19656.019656022785
0.9275680000000007,17094.01709401622
0.9278140000000007,17094.01709401622
0.9280360000000007,17777.777777779735
0.9282820000000007,15841.584158416541
0.9284860000000007,10810.810810811352
0.9287870000000007,10596.026490066924
0.9292260000000007,9913.258983890928
0.9295420000000006,12480.499219968746
0.9300330000000007,25559.105431309275
0.9301830000000006,19512.195121950197
0.9303460000000007,14598.54014598559
0.9305930000000007,14184.397163120342
0.9308940000000007,17897.091722596073
0.9311570000000007,21390.374331551633
0.9313410000000006,12176.560121765255
0.9315310000000007,11461.318051576318
0.9319980000000007,15873.01587301748
0.9322290000000006,12718.60095389526
0.9325020000000006,14260.249554366344
0.9328580000000006,16326.530612245217
0.9330630000000006,15325.670498083633
0.9333480000000006,15180.265654647366
0.9335850000000007,16806.7226890745
0.9338750000000007,22099.447513813775
0.9340610000000007,12030.07518797145
0.9342370000000007,10403.120936282121
0.9347260000000006,16427.10472279584
0.9350060000000006,18957.345971567465
0.9352130000000005,18518.518518519035
0.9354280000000005,16563.146997929223
0.9356450000000005,14981.273408238734
0.9359110000000005,15355.086372361031
0.9361790000000005,13201.320132013301
0.9364320000000005,14260.249554366344
0.9367850000000005,22038.567493112812
0.9369930000000005,22792.02279202343
0.9371480000000005,18264.84018265097
0.9373440000000005,19704.433497536098
0.9375860000000005,18140.58956915998
0.9377500000000005,13986.013986013571
0.9380270000000005,14388.48920863307
0.9383220000000005,16293.279022406306
0.9385830000000005,17094.017094020273
0.9388130000000005,17429.193899782622
0.9390510000000004,18518.518518519035
0.9392720000000004,15355.086372361031
0.9394830000000004,11527.377521612447
0.9397930000000004,13008.130081300133
0.9401770000000005,15810.276679841696
0.9404080000000005,18348.62385321135
0.9406830000000005,21333.333333332524
0.9408440000000005,19999.999999996653
0.9410580000000005,20253.16455696027
0.9412440000000005,13986.013986013571
0.9414530000000005,13698.630136985623
0.9418160000000005,18264.840182646338
0.9420370000000006,16494.845360822404
0.9422540000000006,17316.017316014564
0.9425220000000006,19656.019656017423
0.9427160000000007,16913.319238898606
0.9429290000000007,15503.875968990085
0.9431890000000007,16877.637130798645
0.9434450000000008,15296.36711280921
0.9436630000000008,15779.09270216853
0.9439680000000008,13400.335008373644
0.9441700000000008,11922.503725780847
0.9445650000000009,18433.179723500372
0.9448410000000009,22408.963585437898
0.9449990000000009,16064.2570281125
0.9451980000000009,16985.138004246313
0.9454970000000009,17621.14537445111
0.9456690000000009,13722.126929674096
0.9459510000000009,14234.875444841087
0.9462520000000009,15037.593984963058
0.9465130000000008,18433.179723500372
0.9467840000000008,18475.750577366493
0.9469470000000009,18912.529550829604
0.9472170000000009,20833.33333333659
0.9473700000000008,14362.657091561174
0.9476010000000008,14234.875444838275
0.9479270000000009,13840.83044982777
0.9481630000000009,12326.65639445491
0.9485050000000008,11510.791366906455
0.9488120000000008,12799.999999998
0.9492000000000008,19753.086419753636
0.9494370000000009,18867.924528302778
0.9496050000000008,16194.33198380585
0.9498610000000008,16666.666666669273
0.9500990000000008,17738.359201774656
0.9503410000000008,17897.091722596073
0.9505500000000008,16806.722689078422
0.9507880000000007,14440.433212997865
0.9510260000000007,16064.2570281125
0.9513420000000007,20408.163265303054
0.9515240000000007,21276.59574467842
0.9517340000000007,20671.834625321597
0.9519000000000007,17977.52808988648
0.9521210000000008,16129.032258062827
0.9523450000000008,16632.016632014394
0.9526170000000008,16326.530612245217
0.9528260000000008,14545.454545456147
0.9531070000000008,12738.853503185486
0.9533760000000008,14010.507880910973
0.9537350000000008,16563.146997929223
0.9539470000000008,18604.651162788905
0.9542180000000008,22038.567493112812
0.9543770000000008,17167.381974250162
0.9545810000000008,13888.888888888385
0.9548430000000008,13266.998341624763
0.9551570000000008,14652.014652016385
0.9554460000000008,17937.21973094386
0.9557030000000007,15180.265654650564
0.9558920000000007,10062.89308176113
0.9562300000000007,12326.656394452802
0.9566870000000007,16666.666666669273
0.9568790000000007,13008.13008130248
0.9571670000000007,13937.282229966046
0.9574940000000006,16161.616161615404
0.9577410000000006,17204.301075267016
0.9579890000000006,12882.44766505672
0.9582060000000007,12102.874432679379
0.9586100000000006,12861.736334407204
0.9588670000000006,12066.36500754204
0.9592320000000005,15873.015873013985
0.9595300000000005,12779.552715654638
0.9597360000000006,11188.811188810858
0.9601560000000006,13582.34295415817
0.9604510000000006,16563.146997929223
0.9607450000000006,20997.375328085935
0.9609340000000006,18223.234624147146
0.9611260000000006,19138.755980859896
0.9613730000000006,20833.333333330567
0.9615440000000006,18912.52955082464
0.9617570000000006,18264.840182646338
0.9619670000000007,15414.258188823262
0.9621950000000007,16701.461377870313
0.9624860000000007,23880.59701492721
0.9626740000000007,23323.615160351063
0.9628210000000007,17021.276595745752
0.9630170000000007,17977.52808988648
0.9632910000000007,19753.086419753636
0.9634620000000007,18348.62385321135
0.9636960000000007,19801.980198016325
0.9638980000000007,21333.333333332524
0.9641000000000007,22535.211267606002
0.9642730000000007,19370.460048426306
0.9644550000000007,18058.69074492217
0.9646860000000007,16359.91820041028
0.9648980000000007,16194.33198380585
0.9651750000000007,16494.845360822404
0.9653920000000007,15065.913370996437
0.9656600000000007,17738.359201774656
0.9659230000000008,25477.707006375476
0.9661110000000007,18223.234624147146
0.9662370000000007,11396.011396011714
0.9665500000000007,11173.184357542852
0.9669390000000007,17057.569296377387
0.9672660000000006,15414.258188826558
0.9674080000000006,9324.009324010254
0.9677850000000006,9291.52148664343
0.9682660000000005,11034.48275861937
0.9686460000000006,8908.68596881895
0.9695440000000006,10152.28426395925
0.9700040000000006,10624.169986719735
0.9714250000000006,9070.29478457999
0.9718890000000007,10050.251256281168
0.9723070000000007,11379.800853484916
0.9726850000000007,10126.582278480135
0.9730100000000007,11315.417256011104
0.9734750000000008,16494.84536082618
0.9737170000000007,14010.507880910973
0.9739600000000007,9122.006841504957
0.9742880000000007,8105.3698074968825
0.9748370000000007,11095.700416087493
0.9752750000000008,12638.230647709426
0.9755580000000008,10101.010101009912
0.9759080000000008,11065.006915628876
0.9763500000000008,12759.170653908855
0.9766310000000008,10075.566750630212
0.9769770000000008,8620.689655172044
0.9774250000000008,9324.009324009048
0.9793710000000008,8121.8274111674
0.9798660000000008,8800.880088009404
0.9803560000000008,9913.258983890928
0.9807750000000007,12499.999999998341
0.9811630000000008,12558.869701726871
0.9814150000000008,10217.113665389812
0.9818000000000008,10526.315789473922
0.9821980000000008,9216.589861751365
0.9825600000000008,8869.179600887328
0.9830660000000008,11816.838995569948
0.9834620000000007,11065.006915628876
0.9841850000000008,8928.57142857135
0.9847790000000007,11315.417256011104
0.9850810000000008,13266.998341624763
0.9854860000000008,16806.7226890745
0.9856840000000008,14260.249554366344
0.9859620000000008,10126.582278480135
0.9862450000000008,10680.907877169564
0.9867520000000009,11904.761904761799
0.9869940000000008,9132.420091324328
0.9874240000000009,11494.252873564557
0.9878700000000008,13136.288998358596
0.9881200000000008,11379.800853484916
0.9884790000000008,10854.816824966261
0.9888230000000008,11695.906432748232
0.9892160000000008,13582.34295415817
0.9895070000000008,9962.640099626424
0.9898050000000008,8705.114254624563
0.9903100000000008,9685.230024213153
0.9907240000000008,11782.032400589358
0.9911360000000008,16096.579476862149
0.9914030000000008,11095.700416089201
0.9916330000000008,9009.00900900901
0.9921240000000008,10738.255033557109
0.9925210000000008,9975.062344140031
0.9928690000000008,9937.888198758448
0.9933230000000007,9535.160905839897
0.9936740000000007,10825.439783490543
0.9941620000000008,14705.882352941475
0.9944130000000008,12638.230647709426
0.9947060000000008,11510.791366906455
0.9950460000000008,10638.29787234078
0.9954010000000008,10810.810810811352
0.9957980000000007,12987.012987014043
0.9961410000000007,13559.322033898778
0.9964140000000007,11958.146487293921
0.9967310000000007,12066.36500754204
0.9970830000000007,13333.333333334802
0.9973940000000007,13961.605584643825
0.9976830000000007,13651.877133106374
0.9979670000000006,9603.841536614962
0.9982690000000006,9291.52148664343
0.9988000000000006,9132.420091323169
0.9991300000000006,9478.672985781239
0.9996760000000007,10825.439783490543
0.9999740000000007,9999.999999999714
1.0004150000000007,8724.100327153223
1.0013320000000008,9864.364981502891
1.0018170000000008,15717.092337914622
1.002143000000001,10457.516339867549
1.002326000000001,8412.197686644344
1.002908000000001,12678.288431060839
1.003277000000001,11315.417256011104
1.003539000000001,12578.616352199657
1.003984000000001,14336.917562722512
1.0041750000000012,12903.225806450262
1.0045420000000012,14209.591474242814
1.0047950000000012,10389.610389611234
1.0051050000000012,11315.417256011104
1.0055650000000012,18957.34597155749
1.0058120000000013,17977.52808988648
1.0059870000000013,15473.887814310332
1.0062570000000013,14362.65709155831
1.0065040000000014,12718.60095389526
1.0068140000000014,14545.45454545321
1.0071330000000014,19464.720194639565
1.0073640000000015,17621.14537444249
1.0075440000000015,13698.630136983018
1.0078180000000017,12759.170653908855
1.0081280000000017,14311.270125224224
1.0084450000000016,17897.091722591627
1.0086870000000017,17316.017316018722
1.0088920000000017,14440.433212997865
1.0091490000000016,13769.363166954887
1.0094460000000016,14414.41441441802
1.0097300000000016,15355.086372361031
1.0100010000000015,15624.999999997926
1.0102510000000016,14625.228519193603
1.0105130000000015,16064.25702810892
1.0107980000000016,16326.530612241517
1.0110110000000017,14059.75395430477
1.0112880000000017,9269.98841251386
1.0115800000000017,9840.098400981895
1.0121510000000018,16771.488469599542
1.0123930000000019,14109.34744268117
1.0126280000000019,14336.917562722512
1.0129600000000019,15748.031496064452
1.013186000000002,13245.033112586578
1.0134680000000018,14311.270125224224
1.0137900000000017,17167.381974246073
1.0140270000000018,16985.13800424231
1.0142560000000018,13179.571663920397
1.014498000000002,13816.92573402692
1.0148630000000018,14519.05626134385
1.0150770000000018,11644.83260552953
1.0154140000000018,11065.006915628876
1.0157640000000019,12084.592145016193
1.0161370000000018,11887.0728083223
1.0164260000000018,10139.416983524365
1.0168100000000018,14134.2756183729
1.0172150000000018,20304.5685279185
1.0173760000000018,10899.182561307718
1.0176090000000018,9779.951100244672
1.0181100000000018,13201.320132015719
1.0184270000000017,15873.015873013985
1.0187160000000017,18912.52955082464
1.0189310000000018,18348.62385321602
1.0191390000000018,17738.359201774656
1.0193670000000017,16494.845360822404
1.0195900000000018,12403.10077519367
1.0198520000000018,12403.10077519367
1.0202350000000018,17057.56929637335
1.0204970000000018,15624.999999997926
1.0207040000000018,14388.48920863307
1.0210090000000018,17621.14537445111
1.0212600000000018,14760.147601474859
1.0214630000000018,10914.051841744838
1.0218020000000019,11019.283746556406
1.0221960000000019,13008.130081300133
1.0225280000000019,13536.379018612333
1.022811000000002,14084.507042255953
1.0231190000000019,16032.064128255639
1.0233790000000018,17505.470459512788
1.023618000000002,18140.589569155414
1.023836000000002,14760.147601474859
1.024059000000002,12558.869701726871
1.024378000000002,14336.917562722512
1.024696000000002,18223.23462414254
1.024936000000002,15624.999999997926
1.0251350000000021,11065.006915628876
1.0254480000000021,11049.723756906888
1.0258580000000022,12102.874432677345
1.026172000000002,12882.447665052114
1.0265190000000022,15151.515151512742
1.0267930000000023,13468.013468013844
1.0270470000000023,11940.298507463605
1.0273870000000023,12307.692307691561
1.0277170000000022,13490.725126474053
1.0280370000000023,15655.577299415116
1.0283100000000023,17857.1428571427
1.0285480000000022,15873.015873013985
1.0287580000000023,12638.23064770721
1.0290520000000023,13628.620102211977
1.0293910000000024,14234.875444841087
1.0296390000000024,10825.439783493795
1.0299530000000023,11251.75808720261
1.0303780000000022,18018.018018013514
1.0306640000000022,20304.5685279185
1.0308220000000023,14571.948998180877
1.0310580000000023,12030.07518797145
1.0313710000000023,12598.425196851562
1.0317230000000022,13029.315960909624
1.0320060000000022,15873.015873013985
1.0323370000000023,19093.078758952288
1.0325100000000023,16326.530612248916
1.0327560000000022,16528.925619837137
1.0330000000000021,15748.031496064452
1.0332400000000022,15564.202334633275
1.033508000000002,16632.016632018232
1.033754000000002,16427.10472279584
1.033989000000002,15594.541910331818
1.034241000000002,13377.92642140248
1.034502000000002,12698.41269841007
1.034839000000002,12345.679012341792
1.0351320000000022,13793.10344827527
1.0354870000000023,15841.584158416541
1.0357120000000022,18181.818181818348
1.0359920000000022,20725.388601036408
1.0361520000000022,15564.20233462655
1.0363780000000022,15325.670498080373
1.0366660000000023,12084.59214501214
1.0369000000000024,10126.582278480135
1.0373280000000025,13289.036544850687
1.0376900000000024,16632.016632018232
1.0379300000000025,14035.087719299245
1.0381710000000024,12364.760432765388
1.0385000000000024,13093.289689031386
1.0388180000000025,13490.725126474053
1.0391110000000026,14234.875444841087
1.0394110000000025,14134.2756183729
1.0396730000000025,13840.830449822453
1.0399770000000026,14362.65709155831
1.0402510000000027,10899.182561307718
1.0405340000000027,11461.318051574495
1.0409850000000027,16597.510373440764
1.0412320000000028,17699.115044251823
1.0414670000000028,16949.152542379852
1.0416840000000027,13445.378151262737
1.0419390000000026,12965.96434359617
1.0422790000000026,15122.873345935679
1.0425560000000027,11111.111111113705
1.0428080000000026,10403.120936280618
1.0432760000000025,13223.140495863643
1.0435770000000026,11034.48275861937
1.0438810000000027,12461.059190030543
1.0443020000000027,17204.301075271123
1.0445230000000028,13698.630136988228
1.0447670000000027,11851.851851852183
1.0451070000000027,13445.378151262737
1.0454420000000026,13888.88888889106
1.0457020000000026,12403.10077519367
1.0460180000000026,10958.904109587247
1.0463470000000026,10869.56521739027
1.0467480000000027,13333.333333334802
1.0470830000000027,15904.57256461485
1.0473480000000026,17621.14537445111
1.0475860000000026,11611.030478956023
1.0478020000000026,10230.179028135106
1.0482750000000025,11782.032400591286
1.0485840000000024,11816.83899556801
1.0489540000000024,9864.364981502891
1.0492610000000024,10638.29787233921
1.0497650000000025,17094.017094012164
1.0500130000000025,16129.032258062827
1.0502330000000026,14336.917562728218
1.0505090000000026,13223.140495868496
1.0507910000000025,10973.936899863133
1.0523610000000025,15779.09270216853
1.0525830000000025,15384.615384613136
1.0528680000000026,11235.955056179051
1.0531030000000026,9779.951100244672
1.0535800000000026,11730.205278594965
1.0539210000000026,13245.033112586578
1.0542620000000025,16877.63713080655
1.0545250000000024,16949.152542371878
1.0547360000000023,14466.54611211506
1.0549970000000024,13769.363166954887
1.0552890000000024,14842.30055658442
1.0555780000000023,16842.10526315778
1.0558280000000024,12903.225806454882
1.0560530000000024,9501.18764845595
1.0564480000000023,10296.01029600993
1.0568950000000024,10540.184453228569
1.0572250000000023,10796.221322535615
1.0576540000000023,12480.499219966585
1.0579660000000024,12598.425196851562
1.0582950000000024,11994.002998501232
1.0586010000000023,10037.641154326735
1.0589620000000024,11065.006915628876
1.0593980000000025,10296.01029600993
1.0596850000000024,10335.917312660798
1.0601750000000025,13050.570962480148
1.0604590000000025,11461.318051574495
1.0607880000000025,9334.889148190192
1.0611570000000026,10088.272383353795
1.0616450000000026,14362.657091564037
1.0630020000000024,8492.569002123157
1.0635960000000024,14414.414414412253
1.0639440000000024,12678.288431060839
1.0641510000000025,11396.011396011714
1.0645750000000025,10767.160161508298
1.0667030000000024,9324.009324009048
1.0675610000000024,8121.8274111674
1.0707760000000024,8602.150537635562
1.0711550000000023,8998.875140608257
1.0717060000000023,10471.204188481855
1.0720440000000022,9779.951100244672
1.0724700000000023,8040.201005026281
1.0728620000000022,8820.286659316514
1.0734650000000021,11661.807580171757
1.0737690000000022,10443.864229764407
1.0741510000000023,8447.729672650197
1.0755720000000024,8791.208791209116
1.0760990000000024,10139.416983524365
1.0764820000000024,8000.000000000881
1.0774820000000023,8359.45663531786
1.0778890000000023,8359.45663531786
1.0784390000000024,8998.875140606011
1.0788460000000024,9592.326139088713
1.0793280000000025,8658.008658009361
1.0813080000000024,8830.022075054472
1.0818450000000024,10752.688172041884
1.0822140000000025,9237.875288683246
1.0838690000000024,11126.564673155055
1.0842570000000025,9987.51560549249
1.0845880000000026,9111.617312073573
1.0850580000000025,8163.265306122608
1.0854660000000025,8394.543546694811
1.0860380000000025,9445.100354190794
1.0864190000000025,12326.656394450692
1.0868850000000025,12251.148545175834
1.0870680000000026,11577.424023154896
1.0875380000000026,14084.507042250447
1.0887760000000026,12102.874432677345
1.0892270000000026,14388.48920863307
1.0894370000000027,12903.225806450262
1.0897830000000026,10457.516339867549
1.0900570000000027,9950.248756218572
1.0905480000000027,12738.853503183234
1.0908610000000027,10928.961748634552
1.0911760000000028,10075.566750630212
1.0915930000000027,8412.197686644344
1.0925440000000028,10243.27784890978
1.092975000000003,10165.184243963218
1.093325000000003,10723.860589813577
1.093762000000003,12269.938650309103
1.094071000000003,9433.962264151389
1.0944140000000029,9580.83832335422
1.0949190000000029,13289.036544850687
1.0952490000000028,11477.761836442756
1.0955210000000029,9184.845005742172
1.0959460000000028,10362.694300518204
1.0963920000000027,10335.917312660798
1.0967180000000027,10430.247718383825
1.0971660000000028,13536.379018612333
1.0974850000000027,11782.032400587432
1.0977570000000028,12326.656394450692
1.0981640000000028,9101.251422069767
1.0990430000000029,9122.006841504957
1.100942000000003,12307.692307691561
1.101241000000003,11049.723756906888
1.101592000000003,13223.140495868496
1.101965000000003,12987.012987014043
1.102197000000003,9852.216748768049
1.102581000000003,12461.059190030543
1.103009000000003,13201.320132015719
1.103223000000003,11157.601115762342
1.103615000000003,8205.128205128642
1.1045900000000028,11095.700416089201
1.1049890000000029,13355.592654423679
1.1053110000000028,12598.425196847156
1.105588000000003,10309.278350514003
1.105946000000003,11019.283746556406
1.106364000000003,13793.10344827527
1.106672000000003,13201.320132010882
1.106944000000003,11428.571428569063
1.107278000000003,12461.059190030543
1.1076440000000032,15151.515151519114
1.1079200000000031,16227.180527388151
1.108172000000003,15686.274509803601
1.108413000000003,14260.249554366344
1.108682000000003,12618.296529967987
1.108974000000003,13468.013468013844
1.109316000000003,11412.268188305019
1.109568000000003,11095.700416089201
1.110017000000003,13400.335008376136
1.110289000000003,9378.663540445566
1.1106140000000029,10540.184453225485
1.111142000000003,11799.410029495419
1.111373000000003,12048.192771084376
1.1118200000000031,17699.115044251823
1.112037000000003,15180.265654650564
1.112272000000003,13769.363166954887
1.112564000000003,14084.507042255953
1.112853000000003,12500.00000000051
1.113132000000003,11834.319526625102
1.113493000000003,11251.758087199096
1.113808000000003,12618.296529967987
1.114204000000003,12698.412698414544
1.114442000000003,13698.630136988228
1.114834000000003,21857.923497275737
1.115026000000003,15009.380863042366
1.1165930000000028,10914.051841748145
1.1169610000000028,11994.002998501232
1.1173260000000027,10899.182561307718
1.1176280000000027,9650.180940893008
1.1180600000000027,10854.816824966261
1.1184570000000027,12738.853503183234
1.1187970000000027,15414.258188819964
1.1190850000000028,16949.152542371878
1.1193160000000029,12139.6054628231
1.1195570000000028,8908.68596881895
1.1199750000000028,11065.006915628876
1.1204550000000029,14814.814814815229
1.1206980000000029,13333.333333334802
1.1209950000000029,14084.507042255953
1.1212980000000028,15473.887814316979
1.1215630000000028,16494.845360829957
1.1218150000000027,16096.579476862149
1.1220480000000026,12461.059190030543
1.1223120000000026,9638.55421686879
1.1226900000000026,9411.76470588462
1.1231420000000025,11644.832605533293
1.1235400000000024,11363.636363635751
1.1238290000000024,9367.681498827587
1.1242440000000025,12121.212121210194
1.1246830000000025,12048.192771084376
1.1249040000000026,10840.108401085401
1.1253470000000025,16528.925619837137
1.1256420000000025,17543.859649122347
1.1258310000000025,12903.225806450262
1.1260980000000025,10075.566750630212
1.1264510000000025,10282.776349615118
1.1268920000000024,10457.516339867549
1.1272290000000025,11577.424023154896
1.1276570000000026,13651.877133106374
1.1279200000000025,14059.75395430477
1.1282430000000025,14925.373134331981
1.1284890000000025,10869.56521739355
1.1287790000000024,11267.605633803001
1.1292250000000024,12500.00000000051
1.1294890000000024,12698.412698414544
1.1298650000000023,13698.630136988228
1.1301190000000023,9080.590238366425
1.1304490000000023,9324.009324009048
1.1310000000000022,13422.818791945387
1.1313070000000023,13468.013468013844
1.1315960000000023,8820.286659316514
1.1319010000000023,8968.60986547193
1.1325030000000023,14311.270125224224
1.1327930000000022,13445.37815125772
1.1330620000000022,12598.425196851562
1.1333880000000023,13029.315960914335
1.1336970000000022,15384.615384613136
1.1340020000000022,17582.417582413942
1.1342170000000023,15873.015873013985
1.1344570000000023,10928.961748634552
1.1347210000000023,9142.85714285757
1.1351890000000022,10025.062656640644
1.1355960000000023,13179.571663920397
1.1359870000000023,17937.21973094386
1.1362030000000023,14362.657091564037
1.1364330000000022,12422.360248449771
1.1367600000000022,12861.736334407204
1.1370770000000021,9913.258983890928
1.1373820000000021,8474.576271185939
1.1383260000000022,8138.351983723659
1.138929000000002,11782.032400587432
1.1393090000000021,15624.999999997926
1.1396080000000022,15296.36711280921
1.1398210000000022,13864.818024262237
1.1401310000000022,13745.704467352005
1.1403980000000022,12678.288431060839
1.1407130000000023,10958.904109590581
1.1410290000000023,8988.764044945483
1.1414430000000022,10126.582278482982
1.1419190000000021,9937.888198758448
1.142233000000002,8849.557522123738
1.143137000000002,10389.610389611234
1.143734000000002,13582.34295416073
1.143907000000002,12618.296529967987
1.144323000000002,18099.54751131003
1.144541000000002,14109.34744268117
1.144765000000002,13289.036544850687
1.145108000000002,13582.34295416073
1.145367000000002,12213.740458018061
1.145697000000002,11527.377521614291
1.1460220000000019,9205.983889528101
1.146391000000002,10050.251256281168
1.1468910000000019,12539.184952975334
1.148286000000002,12678.288431060839
1.148579000000002,12461.059190030543
1.148917000000002,12539.184952975334
1.149555000000002,8474.576271185939
1.1502240000000021,9523.809523810069
1.1504990000000022,8188.331627430864
1.151064000000002,10695.187165775817
1.1514760000000022,10178.11704834666
1.151812000000002,10624.169986719735
1.156102000000002,9060.022650056962
1.159120000000002,8316.008316009116
1.159679000000002,11661.807580175531
1.1600820000000018,12578.616352199657
1.1603650000000019,10457.516339867549
1.160718000000002,8097.165991902925
1.1655760000000017,9987.51560549249
1.1677980000000017,8205.128205128642
1.1682840000000017,8556.149732621161
1.1738670000000015,8264.462809916673
1.1760150000000016,11157.601115758887
1.1762390000000016,10554.089709762025
1.1767320000000017,10322.580645161688
1.1769970000000016,8324.661810614034
1.1775070000000016,9378.663540445566
1.1779580000000016,8888.888888887675
1.1788580000000017,8205.128205128642
1.1793640000000016,9248.554913293561
1.1798330000000017,10796.221322535615
1.1839150000000016,9768.009768008274
1.1843270000000017,10666.666666666262
1.1850770000000017,8528.784648188694
1.1878630000000017,10869.56521739027
1.1893370000000016,11204.481792718949
1.1915080000000016,8105.369807498706
1.1919730000000015,8238.928939239315
1.1924950000000014,10666.666666666262
1.1929440000000013,11611.030478952282
1.1932450000000014,11461.318051574495
1.1936330000000015,14285.714285711327
1.1939430000000015,8032.12851405625
1.1949390000000015,11887.072808318377
1.1953750000000016,13071.895424835386
1.1968420000000017,12383.900928794019
1.1981900000000016,12965.96434359617
1.1984890000000017,13008.130081300133
1.1988070000000017,10554.089709762025
1.1991040000000017,8324.661810614034
1.1995650000000018,10282.776349615118
1.2000650000000017,9626.955475330624
1.2008960000000017,8800.880088010479
1.2014100000000016,10126.582278482982
1.2018050000000016,10652.463382157888
1.2022000000000015,9389.671361501521
1.2025560000000015,10037.641154326735
1.2030520000000016,10666.666666666262
1.2033530000000017,10471.204188481855
1.2050250000000016,12519.561815339714
1.2054310000000015,16227.180527388151
1.2056640000000014,10638.297872342351
1.2059240000000013,11396.011396011714
1.2064160000000013,8350.730688935157
1.2073740000000013,12658.227848097502
1.2076590000000014,8456.659619449303
1.2086050000000015,12461.059190030543
1.2090150000000015,15810.276679838227
1.2092470000000015,12499.999999996173
1.2095210000000016,11004.126547453114
1.2098870000000017,14035.087719299245
1.2102480000000018,16771.48846960735
1.2104570000000017,15209.125475284407
1.2107250000000016,13651.877133101201
1.2109830000000017,12987.01298700936
1.2113110000000018,11851.851851852183
1.2115990000000019,10854.816824966261
1.2119860000000018,12030.075187967434
1.2123360000000019,9501.18764845595
1.212651000000002,10152.28426395925
1.2131780000000019,11644.83260552953
1.213439000000002,10624.169986719735
1.213865000000002,13377.926421407446
1.214192000000002,14362.657091564037
1.2144630000000018,13582.34295416073
1.2147490000000019,10484.927916122677
1.2150520000000018,10269.57637997613
1.2155120000000017,8762.322015334623
1.2158310000000017,9650.180940893008
1.2164250000000016,15594.541910331818
1.2166600000000016,12558.869701726871
1.2180220000000017,13114.754098360669
1.2183100000000018,10610.079575597923
1.2186320000000017,10309.278350516954
1.2190640000000017,9900.990099010882
1.2194080000000016,10025.062656640644
1.2198720000000016,15355.086372361031
1.2202060000000017,14732.965009209183
1.2203930000000016,11611.030478956023
1.2207490000000016,10152.28426395925
1.2210820000000016,10767.16016150508
1.2215370000000016,16666.66666666542
1.2218250000000017,14035.087719299245
1.2220170000000017,12578.616352199657
1.2223950000000017,13913.04347826106
1.2226530000000018,8830.022075056637
1.2252620000000016,10582.010582010877
1.2256460000000016,13605.442176869987
1.2260180000000016,15473.887814310332
1.2262340000000016,14134.2756183729
1.2265350000000017,15065.913370996437
1.2268000000000017,17467.248908294296
1.2270660000000018,11869.4362017793
1.2272580000000017,10296.01029600993
1.2277400000000018,11994.002998501232
1.2280350000000018,13266.99834162232
1.2284070000000018,11331.444759205267
1.228638000000002,8421.05263157889
1.229113000000002,8024.072216650637
1.229588000000002,9638.55421686879
1.2301100000000018,11004.126547456473
1.2304180000000018,8968.60986547193
1.2308370000000017,9411.76470588216
1.2313100000000017,10256.410256410218
1.2316870000000018,10088.27238335662
1.2320900000000017,12012.012012015017
1.2324800000000016,10884.353741497633
1.2327560000000015,9174.311926605675
1.2332150000000015,10403.120936280618
1.2336280000000015,12084.592145016193
1.2339840000000015,12364.760432769632
1.2342900000000014,12882.44766505672
1.2346310000000014,12924.07108238788
1.2349110000000014,9673.518742441005
1.2352500000000015,9900.990099008162
1.2357380000000016,12030.075187967434
1.2360580000000017,11363.636363635751
1.2364030000000017,9638.55421686621
1.2367620000000017,9049.773755655015
1.2372330000000018,12861.736334407204
1.2376460000000018,18348.62385321602
1.2378550000000017,15503.875968993421
1.2380820000000017,17699.115044251823
1.2383710000000017,16771.48846960735
1.2385340000000016,12618.296529967987
1.2399660000000017,8008.008008006452
1.2404020000000018,9708.737864075809
1.2409650000000019,16064.25702810892
1.241226000000002,13400.335008376136
1.241463000000002,11976.047904193572
1.241823000000002,13179.571663920397
1.2421310000000019,12176.560121763197
1.242430000000002,9512.485136740937
1.242788000000002,9227.220299885179
1.243271000000002,11065.006915628876
1.243655000000002,14652.014652010426
1.243994000000002,15717.092337914622
1.244201000000002,10638.29787233921
1.2445030000000021,11764.7058823527
1.2449530000000022,8948.545861298036
1.2451830000000021,8000.000000000881
1.2471160000000021,12578.616352204048
1.247416000000002,10596.026490068483
1.247752000000002,8097.165991902925
1.248740000000002,10126.582278482982
1.2492160000000019,13179.571663920397
1.2495300000000018,10958.904109587247
1.249823000000002,8978.675645342562
1.250260000000002,11560.693641619919
1.2507140000000019,13400.335008376136
1.2509520000000018,11477.761836442756
1.2513110000000018,9673.518742443603
1.2516490000000018,8998.875140608257
1.2521380000000017,10322.580645161688
1.2536120000000017,10165.184243963218
1.2574460000000018,8016.0320641278195
1.263270000000002,11363.636363635751
1.263752000000002,12800.000000002547
1.263974000000002,8376.963350784998
1.270719000000002,10582.010582010877
1.271475000000002,8105.3698074968825
1.272190000000002,10526.315789472383
1.2804760000000017,10243.277848912692
1.2848380000000017,12841.091492776057
1.2874910000000017,8849.557522123738
1.2899280000000017,10840.10840108214
1.292394000000002,8105.3698074968825
1.292960000000002,8667.388949079022
1.2933810000000021,9248.554913295935
1.2938830000000021,10899.182561311014
1.2956060000000018,8196.721311474672
1.2961160000000018,9153.31807780277
1.296582000000002,9975.062344140031
1.2969900000000019,8510.638297872876
1.2990560000000018,11851.851851852183
1.2994490000000019,9580.83832335422
1.3014310000000018,8130.081300812216
1.3021410000000018,13355.592654423679
1.3024150000000019,9913.258983890928
1.3027400000000018,11527.377521610602
1.304431000000002,9840.098400984583
1.3048610000000018,9313.154831199685
1.3052440000000018,11799.410029499284
1.3057200000000018,13468.013468013844
1.3059220000000018,13114.754098360669
1.3063140000000018,13582.34295416073
1.3065320000000018,10416.666666668296
1.3082410000000018,17353.579175711664
1.3084390000000017,16260.1626016281
1.3087020000000016,15533.980582522969
1.3089310000000016,13793.10344827527
1.3102610000000017,10269.576379973203
1.3123740000000017,12251.148545175834
1.3127260000000016,15009.380863036113
1.3130270000000017,14414.414414412253
1.3132590000000017,10012.515644555768
1.3135820000000018,9029.345372461084
1.3140580000000017,9345.794392523714
1.3144680000000017,8810.572687225555
1.3149140000000017,10152.28426395925
1.3153760000000017,11799.410029499284
1.3157020000000017,9111.617312073573
1.3160540000000016,9039.548022598618
1.3181250000000015,11816.83899556801
1.3184200000000015,9913.258983890928
1.3188020000000016,10899.182561311014
1.3192270000000015,12441.679626750594
1.3195360000000014,12403.10077519367
1.3198700000000014,8918.617614270528
1.3201810000000014,9132.420091325484
1.3207670000000014,10810.810810811352
1.3210570000000013,8648.648648648044
1.3215070000000013,8412.197686646306
1.3224580000000012,9174.311926603337
1.3230020000000013,12799.999999998
1.3233300000000014,15503.875968993421
1.3236270000000014,17897.091722600515
1.3238460000000014,11678.83211679131
1.3240740000000013,8040.201005026281
1.3256480000000013,8639.308855291742
1.3261130000000012,9216.589861750186
1.3265740000000013,10989.010989010054
1.3269810000000013,8781.558726672962
1.3273020000000013,9345.794392521291
1.3278920000000014,14260.249554366344
1.3281580000000015,9650.180940893008
1.3284530000000014,8998.875140606011
1.3289870000000015,8695.652173912742
1.3293420000000016,8333.333333334636
1.3299070000000015,12759.170653908855
1.3303020000000014,11976.047904189592
1.3305340000000014,9852.216748768049
1.3309700000000015,10335.917312663763
1.3313460000000015,9569.37799043249
1.3317440000000014,9122.006841504957
1.3333590000000013,9744.214372716668
1.3337540000000012,9269.98841251386
1.3341800000000013,8810.572687223399
1.3346170000000013,9367.681498827587
1.3362970000000014,11851.851851852183
1.3366810000000013,10973.936899863133
1.3369720000000014,9411.76470588216
1.3409660000000017,9732.360097322411
1.3412980000000017,9557.94504181374
1.3417880000000018,12307.692307691561
1.3421350000000019,13913.04347826106
1.3438380000000019,10075.566750630212
1.3442350000000018,9708.737864078425
1.3446320000000018,8667.388949079022
1.3450590000000018,10869.56521739027
1.3455550000000018,18648.018648018096
1.3457950000000019,12759.170653908855
1.3459840000000018,11661.807580175531
1.3464220000000018,12441.679626750594
1.3478710000000018,9852.216748768049
1.3482970000000019,8724.100327153223
1.349877000000002,11142.061281337103
1.350291000000002,10050.251256281168
1.350595000000002,8695.652173912742
1.351087000000002,11019.283746556406
1.351515000000002,15065.913371002736
1.351813000000002,9876.543209876818
1.3520460000000019,8154.943934759445
1.352623000000002,9791.921664625872
1.353027000000002,8898.776418242658
1.354762000000002,9269.988412516244
1.3566830000000019,10062.893081762537
1.3571210000000018,8324.661810614034
1.3580820000000018,9237.875288683246
1.3585840000000018,10943.912448699853
1.3589480000000018,9535.160905839897
1.3593150000000018,10914.051841744838
1.3597870000000019,10554.089709762025
1.362196000000002,9840.098400981895
1.364362000000002,9237.875288683246
1.3647960000000021,10610.079575597923
1.365228000000002,8179.95910020514
1.368462000000002,10113.780025284626
1.369791000000002,10152.28426395925
1.370281000000002,10854.816824966261
1.370579000000002,9913.258983890928
1.371018000000002,11111.111111113705
1.371386000000002,10012.515644555768
1.3741400000000021,9291.52148664343
1.3745450000000021,8040.201005024486
1.3750010000000021,9163.80297823467
1.3769100000000023,12422.360248449771
1.3771370000000023,10389.610389611234
1.3775540000000022,13582.34295416073
1.3779070000000022,10958.904109590581
1.3781430000000021,8163.265306122608
1.379123000000002,8714.596949891311
1.3796840000000021,10389.610389611234
1.380041000000002,12598.425196851562
1.380454000000002,11713.030746705896
1.380676000000002,8676.789587851654
1.381137000000002,10178.11704834666
1.381598000000002,11111.111111113705
1.381923000000002,11510.791366908294
1.382318000000002,8820.286659316514
1.383225000000002,8791.208791209116
1.3836850000000018,9987.51560549249
1.384135000000002,10165.184243963218
1.3844860000000019,8620.689655172044
1.385414000000002,10309.278350514003
1.385961000000002,12558.869701726871
1.386190000000002,9840.098400984583
1.387003000000002,8368.20083682046
1.387618000000002,10624.169986719735
1.387959000000002,10403.120936280618
1.389730000000002,13793.10344827527
1.390089000000002,16736.40167364092
1.390310000000002,15564.202334633275
1.3905670000000019,12251.148545175834
1.3908240000000018,11782.032400587432
1.391220000000002,15473.887814310332
1.391503000000002,13114.754098360669
1.391737000000002,10624.169986719735
1.392113000000002,11661.807580175531
1.392490000000002,14336.917562728218
1.392799000000002,15180.265654650564
1.3930480000000018,12251.148545175834
1.3933260000000018,9523.809523810069
1.3937010000000019,9852.216748768049
1.3941660000000018,10025.062656640644
1.3960710000000018,9334.889148190192
1.396567000000002,9195.402298849005
1.396928000000002,8238.92893923743
1.397437000000002,9216.589861752544
1.397899000000002,8928.57142857135
1.398305000000002,8695.652173912742
1.415285000000002,8080.808080807702
1.421931000000002,10349.288486414756
1.4223540000000021,8171.603677221127
1.4293070000000023,10322.580645161688
1.4326450000000024,8574.490889602763
1.4358260000000025,8121.8274111674
1.4362640000000024,8810.572687223399
1.4389000000000025,8421.05263157889
1.4395560000000025,11080.33240997059
1.4398500000000025,9913.258983890928
1.4402780000000026,9205.983889528101
1.4419570000000026,8016.0320641278195
1.4439810000000026,9828.009828008711
1.4445260000000026,8221.993833503673
1.4474980000000028,8154.9439347612915
1.4481660000000027,10638.29787233921
1.4484790000000027,9237.875288683246
1.4489180000000028,8810.572687225555
1.4493450000000028,9876.543209876818
1.4498260000000027,14035.087719299245
1.4501550000000027,8403.361344539211
1.4511070000000026,13582.342954155609
1.4526170000000027,11412.268188301405
1.4530670000000028,13400.335008376136
1.4533180000000028,10389.610389611234
1.4536640000000027,9557.945041816276
1.4540880000000027,8298.755186722294
1.4550520000000027,8908.685968821153
1.4556980000000026,11713.030746705896
1.4559500000000025,12480.499219966585
1.4563810000000026,11816.83899556801
1.4565910000000026,9142.85714285757
1.4570580000000026,9205.983889528101
1.4574660000000026,9803.92156862565
1.4579270000000026,12084.59214501214
1.4582820000000027,13008.130081300133
1.4585890000000028,9367.681498830023
1.4588970000000028,9803.921568628317
1.4594430000000027,11782.032400587432
1.4597130000000027,11095.700416085785
1.4601220000000028,10825.439783490543
1.460434000000003,10652.463382157888
1.4608610000000029,10973.936899863133
1.4611850000000028,11299.43502824969
1.4615900000000028,11461.318051578142
1.4618930000000028,12383.900928794019
1.4622880000000027,13179.571663920397
1.4625390000000027,10973.936899863133
1.4628950000000027,11887.0728083223
1.4632680000000027,11527.377521614291
1.4635680000000026,10989.010989010054
1.4639620000000027,14414.414414412253
1.4642960000000027,11904.761904761799
1.4645170000000027,8342.022940563676
1.4649680000000027,10554.089709762025
1.4654760000000027,14842.30055658442
1.4657260000000027,9950.248756218572
1.4660150000000027,8072.653884964974
1.4665300000000028,9603.84153661624
1.4670060000000027,11428.571428572688
1.4673630000000026,12519.561815335363
1.4677060000000026,10256.410256410218
1.4692310000000026,9708.737864078425
1.4697300000000026,14466.546112120868
1.4700550000000026,13793.10344828055
1.4702830000000024,9060.022650056962
1.4711660000000024,11235.955056179051
1.4716520000000024,16460.9053497947
1.4718780000000025,12383.900928794019
1.4721380000000024,9237.875288683246
1.4725240000000024,9744.214372716668
1.4730040000000024,12288.786482335678
1.4733450000000023,12307.692307691561
1.4736550000000024,9791.921664625872
1.4739950000000024,8695.652173912742
1.4744720000000024,8537.886872999246
1.4749150000000024,9009.00900900901
1.4754090000000024,9153.31807780277
1.4758030000000024,8849.557522123738
1.4762830000000025,11544.011544010633
1.4767070000000024,14388.48920863307
1.4769760000000025,11477.761836442756
1.4772630000000024,9184.84500573983
1.4776730000000025,9433.962264151389
1.4781340000000025,11204.481792718949
1.4785210000000024,13888.88888889106
1.4788480000000024,9569.37799043249
1.4790970000000023,8429.926238146601
1.4796840000000022,10191.082802547307
1.4800460000000022,10269.576379973203
1.4824770000000023,9803.921568628317
1.4827750000000022,8918.617614270528
1.4832930000000022,10335.917312663763
1.483672000000002,12558.869701726871
1.484067000000002,11363.636363635751
1.485327000000002,8376.963350784998
1.487308000000002,8307.372793355611
1.487938000000002,13050.570962480148
1.490418000000002,8859.357696568215
1.492689000000002,8130.081300812216
1.494378000000002,8810.572687225555
1.494765000000002,9661.835748791676
1.495286000000002,9696.969696968808
1.4998660000000017,8205.128205128642
1.5014450000000017,9101.251422069767
1.5080370000000016,8556.149732621161
1.5101900000000015,10457.516339867549
1.5106990000000016,10322.580645161688
1.5109550000000016,8040.201005026281
1.5159330000000013,9216.589861750186
1.5164370000000014,10191.082802547307
1.5178200000000015,9174.311926603337
1.5183910000000016,9389.671361501521
1.5228890000000017,9411.76470588216
1.5262440000000017,11235.955056179051
1.5265950000000017,11940.298507463605
1.5269560000000018,10596.026490068483
1.5272650000000016,9313.154831199685
1.5277110000000016,8968.60986547193
1.5281240000000016,8171.603677222981
1.5299930000000015,9324.009324009048
1.5304580000000014,11412.268188301405
1.5308510000000015,9400.705052879683
1.5327040000000014,8298.755186720382
1.5344550000000017,9523.809523810069
1.5349580000000016,11904.761904761799
1.5352950000000016,11142.061281337103
1.5356300000000016,9378.663540445566
1.5360130000000016,8839.77900552551
1.5364830000000016,10554.089709762025
1.5369180000000016,11157.601115758887
1.5384410000000017,9467.455621301948
1.5389080000000017,10243.277848912692
1.5392860000000017,10403.120936280618
1.5409020000000018,10624.169986719735
1.5412230000000018,11235.955056179051
1.5416550000000018,8316.008316007197
1.5419350000000018,8403.36134453725
1.542617000000002,14134.2756183729
1.542887000000002,9302.325581394452
1.543183000000002,8324.661810614034
1.543747000000002,9840.098400984583
1.544144000000002,8705.114254625614
1.544560000000002,8733.624454149263
1.5450630000000019,9478.672985781239
1.5454760000000018,11730.205278591147
1.545907000000002,12759.170653908855
1.546158000000002,8733.624454149263
1.5470740000000018,9080.590238366425
1.5475500000000018,9615.384615385265
1.5479550000000017,11315.417256011104
1.5483820000000017,11644.83260552953
1.5486620000000018,12176.560121763197
1.5490690000000018,15904.57256460783
1.549319000000002,13605.442176869987
1.549572000000002,11251.75808720261
1.549907000000002,10810.810810811352
1.5502830000000019,11577.424023154896
1.5506470000000019,13961.605584643825
1.5509740000000019,14652.014652016385
1.5512200000000018,14035.087719299245
1.5515200000000018,14414.414414412253
1.5517900000000018,11527.377521610602
1.5520750000000019,8781.558726672962
1.552484000000002,9345.794392523714
1.552986000000002,10914.051841748145
1.553340000000002,12383.900928794019
1.5537190000000018,14897.57914338893
1.5539860000000019,12841.091492776057
1.5542560000000019,10526.315789472383
1.554609000000002,12345.679012346023
1.555016000000002,12213.740458018061
1.5552570000000019,11188.811188810858
1.5556710000000018,12066.365007540018
1.557094000000002,12121.212121210194
1.557379000000002,8510.638297872876
1.557754000000002,9345.794392523714
1.558319000000002,13605.442176869987
1.558610000000002,9345.794392523714
1.558907000000002,8918.617614270528
1.559466000000002,12364.760432769632
1.559804000000002,10723.860589813577
1.5601130000000019,11065.006915628876
1.5605500000000019,15325.670498086893
1.5608360000000019,14035.087719299245
1.5610720000000018,11594.202898549389
1.5614060000000018,11363.636363635751
1.5617620000000019,12441.679626750594
1.5621100000000019,13582.34295416073
1.5624050000000018,10075.566750630212
1.5626990000000018,9489.916963227392
1.5631990000000018,9828.009828008711
1.5635420000000018,10596.026490065367
1.5640130000000019,10652.463382157888
1.5642970000000018,9445.100354190794
1.5647640000000018,10376.134889752528
1.5651440000000019,10204.081632651527
1.565535000000002,10430.247718380806
1.565928000000002,12738.853503183234
1.566302000000002,10540.184453228569
1.567061000000002,10596.026490065367
1.567557000000002,13816.92573402162
1.567816000000002,14184.397163120342
1.5681360000000022,16064.25702811608
1.568380000000002,15355.086372361031
1.568634000000002,12618.296529967987
1.568901000000002,12779.552715654638
1.569268000000002,12698.412698414544
1.5695270000000021,12861.736334407204
1.569898000000002,12779.552715654638
1.570149000000002,11080.33240997059
1.570524000000002,9580.838323351674
1.5713590000000022,9445.100354190794
1.5719230000000022,11396.011396011714
1.5722060000000022,10101.010101011327
1.5726250000000022,12030.07518797145
1.5729980000000021,11730.205278594965
1.573290000000002,10204.081632654415
1.573680000000002,9478.672985781239
1.574074000000002,8958.566629338979
1.574967000000002,8456.659619451288
1.575594000000002,12558.869701726871
1.575913000000002,12441.679626750594
1.576231000000002,8255.9339525284
1.5798090000000018,8072.653884964974
1.5804870000000018,11904.761904761799
1.5811590000000018,8024.07221664885
1.5818330000000018,9962.640099625047
1.582156000000002,8040.201005024486
1.582636000000002,9049.773755655015
1.583151000000002,9248.554913293561
1.583520000000002,8928.57142857135
1.584016000000002,8830.022075056637
1.594509000000002,8686.21064060851
1.600595000000002,8574.490889602763
1.601129000000002,8724.100327153223
1.605145000000002,9070.29478457999
1.605502000000002,8421.05263157889
1.606027000000002,9090.909090909174
1.606452000000002,8097.165991902925
1.606907000000002,9345.794392523714
1.607440000000002,11331.444759205267
1.607763000000002,8918.617614270528
1.609546000000002,8307.372793353696
1.609972000000002,9367.681498830023
1.610509000000002,11428.571428572688
1.6108260000000019,11527.377521614291
1.611209000000002,12269.938650309103
1.6115200000000018,11235.955056182554
1.6118610000000018,10349.288486417729
1.6122320000000017,11851.851851852183
1.6126340000000017,12820.512820513684
1.6129070000000016,8565.310492505441
1.6146440000000017,9009.00900900901
1.6150190000000018,8273.009307135982
1.6155320000000017,8048.2897384310745
1.6159860000000017,8316.008316009116
1.6165260000000017,8528.784648188694
1.6174640000000016,8264.462809918568
1.6180070000000015,10869.56521739355
1.6184320000000014,12903.225806454882
1.6187430000000014,11834.31952662899
1.6190520000000013,10230.179028132201
1.6194190000000013,9975.062344140031
1.6198340000000013,9132.420091325484
1.6202210000000012,8205.128205128642
1.6207100000000012,10191.082802547307
1.6211960000000012,12539.184952975334
1.6214950000000012,11049.723756903499
1.6218340000000013,10088.272383353795
1.6233950000000015,9080.590238366425
1.6238270000000015,10296.01029600993
1.6242760000000014,9422.8504122486
1.6258800000000015,16161.61616161903
1.6261320000000015,14625.228519193603
1.6263750000000015,11695.906432746333
1.6266790000000015,10012.515644555768
1.6270590000000016,11080.332409973997
1.6274780000000015,12519.561815339714
1.6277810000000015,9060.022650056962
1.6281170000000014,8762.322015332493
1.6286640000000014,10568.031704093455
1.6290300000000015,10796.221322535615
1.6294210000000016,9876.543209876818
1.6297710000000016,11034.48275862275
1.6302310000000015,12048.192771084376
1.6304960000000015,11142.061281337103
1.6308950000000015,11428.571428572688
1.6312140000000015,11940.298507463605
1.6315950000000015,13157.894736843362
1.6318840000000014,13245.033112581708
1.6322030000000014,12539.184952975334
1.6324880000000015,11594.202898549389
1.6328410000000015,12500.00000000051
1.6331780000000016,13266.998341627206
1.6334810000000015,14362.657091564037
1.6337810000000015,15594.541910331818
1.6340380000000014,12519.561815335363
1.6342940000000015,11887.0728083223
1.6346770000000015,12558.869701726871
1.6349670000000014,11816.83899556801
1.6353140000000015,12903.225806454882
1.6356440000000014,12102.874432681412
1.6359340000000013,11111.111111113705
1.6363050000000012,13675.213675217517
1.6366540000000012,15748.031496064452
1.636890000000001,12403.10077519367
1.6371620000000011,11611.030478956023
1.637535000000001,11379.800853486713
1.637851000000001,13769.363166954887
1.638238000000001,18058.69074492217
1.638432000000001,13986.013986013571
1.638681000000001,14059.75395430477
1.639004000000001,13605.442176869987
1.639250000000001,9569.377990429948
1.639592000000001,9019.165727169402
1.640086000000001,11627.906976743816
1.6404790000000011,14010.507880913698
1.640774000000001,15841.584158416541
1.641050000000001,14981.273408238734
1.641279000000001,16427.10472279584
1.641584000000001,17543.859649122347
1.641766000000001,11379.800853483119
1.642040000000001,9280.74245939763
1.642469000000001,10217.113665389812
1.642902000000001,13864.818024262237
1.643252000000001,15473.887814316979
1.643479000000001,14311.270125224224
1.643769000000001,11678.832116787526
1.644038000000001,12383.900928794019
1.644454000000001,18058.69074492217
1.644684000000001,13029.315960909624
1.644897000000001,10457.516339867549
1.645298000000001,10540.184453228569
1.645662000000001,10088.27238335662
1.646057000000001,10416.666666668296
1.646455000000001,11494.252873562724
1.6468250000000009,11080.33240997059
1.647151000000001,11851.851851852183
1.647547000000001,11644.832605533293
1.647826000000001,12718.60095389526
1.6482340000000009,14010.50788090825
1.648455000000001,11235.955056179051
1.648805000000001,11527.377521614291
1.649167000000001,10088.272383353795
1.649499000000001,10709.504685407537
1.649960000000001,15873.015873013985
1.650246000000001,14652.014652010426
1.650464000000001,13605.442176869987
1.6507920000000011,14159.292035400067
1.651052000000001,11922.503725780847
1.651357000000001,11611.030478952282
1.6517230000000012,14519.05626134385
1.6520460000000012,16194.33198380585
1.6522740000000011,15151.515151512742
1.6525400000000012,15238.095238098527
1.6528020000000012,14981.273408244964
1.6530650000000011,14388.48920863307
1.653336000000001,13008.130081300133
1.6536210000000011,13513.513513515205
1.653951000000001,11577.424023154896
1.654213000000001,10256.410256410218
1.654642000000001,12500.00000000051
1.654993000000001,14084.507042255953
1.655282000000001,11661.807580175531
1.655561000000001,10256.410256410218
1.655968000000001,12213.740458018061
1.656341000000001,15904.57256461485
1.6566230000000008,17621.14537445111
1.6568440000000009,14159.292035400067
1.6570770000000008,12213.740458013921
1.6574090000000008,12195.1219512197
1.6577320000000009,13745.704467357249
1.6580650000000008,16771.48846960735
1.6583140000000007,16260.1626016281
1.6585420000000006,13377.92642140248
1.6588060000000007,13961.605584638415
1.6591400000000007,10498.687664039908
1.6593790000000008,9291.52148664343
1.6599020000000009,13468.013468013844
1.6602400000000008,13864.818024262237
1.6604960000000009,12841.091492776057
1.6608170000000009,12195.1219512197
1.661119000000001,11004.126547456473
1.6614730000000009,12598.425196851562
1.6618460000000008,12345.679012346023
1.6633000000000009,11713.030746705896
1.663594000000001,10943.912448699853
1.6639830000000009,10322.580645161688
1.664325000000001,12048.192771084376
1.6647580000000008,10430.247718380806
1.664989000000001,9768.009768008274
1.665525000000001,8743.169398907112
1.665808000000001,9195.402298851353
1.666440000000001,13093.289689036144
1.666678000000001,8483.563096501284
1.667621000000001,8376.963350784998
1.668174000000001,9080.590238366425
1.6690550000000008,10204.081632651527
1.669594000000001,10767.16016150508
1.670337000000001,8602.150537633508
1.6708570000000011,10498.687664042967
1.6712670000000012,10322.580645161688
1.671619000000001,11004.126547453114
1.6720420000000011,11220.196353433263
1.6723460000000012,8791.208791206971
1.6727550000000013,8154.943934759445
1.6732560000000014,11065.006915628876
1.6737360000000014,9779.951100244672
1.6770920000000014,8447.729672650197
1.6789830000000014,9987.51560549249
1.6830100000000017,8998.875140608257
1.6834620000000016,10680.907877167981
1.6838990000000016,11157.601115758887
1.6842110000000017,8639.308855291742
1.6897360000000017,9768.009768008274
1.6901080000000017,8255.9339525284
1.6905550000000018,8138.351983723659
1.6910770000000017,8403.36134453725
1.6915380000000018,10139.416983524365
1.6920290000000018,10498.687664042967
1.6944040000000016,8438.8185654013
1.6953520000000015,8350.730688935157
1.6959880000000016,12987.012987014043
1.6963100000000015,12598.425196851562
1.6991200000000015,9080.590238364137
1.6995750000000016,9815.950920245277
1.7000010000000016,8247.42268041309
1.7014370000000016,9101.251422072066
1.7020240000000015,14059.75395430477
1.7023160000000015,12820.512820509122
1.7025930000000016,9626.955475330624
1.7029400000000017,8869.179600887328
1.7034240000000016,11396.011396011714
1.7038420000000016,15267.17557251999
1.7041260000000016,11940.298507463605
1.7043660000000016,10243.277848912692
1.7047960000000015,8639.308855291742
1.7051470000000015,10230.179028132201
1.7057220000000015,11922.503725780847
1.7059290000000016,8968.609865469696
1.7063930000000016,10884.353741494344
1.7068210000000017,11065.006915628876
1.7071280000000018,11080.332409973997
1.7075440000000017,14311.270125224224
1.7078500000000016,13289.036544850687
1.7081030000000017,10610.079575597923
1.7084520000000016,10781.671159029353
1.7088570000000016,12102.874432677345
1.7091940000000017,10526.315789472383
1.7095180000000016,8032.12851405625
1.7099540000000018,8188.331627432724
1.7105140000000016,9592.326139091267
1.7109310000000015,10335.917312663763
1.7113480000000014,13888.88888889106
1.7117050000000014,15686.274509803601
1.7119240000000013,14285.714285711327
1.7122150000000014,16736.40167364092
1.7124840000000014,18390.804597702707
1.7126930000000014,15748.031496064452
1.7129190000000014,12658.227848101948
1.7132010000000013,9029.345372458822
1.7135510000000014,8376.963350784998
1.7140870000000015,8898.776418242658
1.7145060000000014,10512.483574244254
1.7149860000000015,14732.965009209183
1.7152670000000014,12326.65639445491
1.7155290000000014,11331.44475920883
1.7159160000000013,11695.90643275013
1.7162350000000013,9661.835748791676
1.7166000000000012,9673.518742441005
1.7170630000000013,10840.10840108214
1.7174270000000014,12480.499219966585
1.7178010000000015,16806.722689078422
1.7180680000000015,18779.342723012833
1.7182770000000014,10403.120936280618
1.7184940000000013,8810.572687223399
1.7190460000000014,10796.221322535615
1.7194020000000014,11034.48275861937
1.7197870000000015,14234.875444841087
1.7201270000000015,16427.10472279584
1.7203490000000015,12558.869701726871
1.7206140000000014,10943.912448699853
1.7209860000000015,10403.120936280618
1.7213450000000015,10568.031704093455
1.7217550000000015,13008.130081300133
1.7221020000000016,16227.180527388151
1.7223700000000015,17660.0441501176
1.7225950000000014,16528.925619837137
1.7228230000000013,15779.09270216853
1.7230790000000014,15779.09270216853
1.7233300000000014,19138.755980859896
1.7235860000000014,12678.288431060839
1.7237480000000014,11347.517730497168
1.7242170000000014,15594.541910331818
1.7244530000000013,15841.584158416541
1.7247300000000014,17130.620985010883
1.7249580000000013,13628.620102211977
1.7251970000000014,10943.912448699853
1.7255450000000014,11834.319526625102
1.7259280000000015,13050.57096247542
1.7262210000000016,14652.014652010426
1.7265410000000017,17094.017094012164
1.7267670000000017,16597.510373440764
1.7270090000000018,12841.091492776057
1.7272490000000018,11004.126547456473
1.7276320000000018,12012.012012015017
1.7279760000000017,12158.054711249428
1.7282980000000017,13816.92573402692
1.7286340000000016,17977.52808988648
1.7288770000000016,17977.52808988648
1.7290790000000016,15873.015873013985
1.7293220000000016,13888.888888885707
1.7295830000000016,13513.513513510135
1.7298980000000017,15999.999999994658
1.7301750000000018,13201.320132010882
1.7303980000000019,12326.656394450692
1.730781000000002,15503.875968986751
1.731047000000002,13582.342954155609
1.731297000000002,14388.48920863307
1.7316360000000022,11922.503725784793
1.731853000000002,11220.196353436757
1.732307000000002,15873.015873013985
1.732566000000002,15503.875968993421
1.732811000000002,15473.887814316979
1.733082000000002,16427.10472279584
1.733328000000002,14869.888475838437
1.733569000000002,15533.980582522969
1.733866000000002,16701.461377866442
1.734084000000002,13445.37815125772
1.734345000000002,12738.853503183234
1.734679000000002,11834.319526625102
1.734973000000002,12759.170653904337
1.7353550000000022,14897.57914338893
1.7356000000000023,13888.88888889106
1.7358920000000022,13986.013986013571
1.7361760000000022,11958.146487293921
1.7364640000000022,13651.877133106374
1.7368450000000022,13961.605584643825
1.7370500000000022,11019.283746556406
1.7374180000000021,11994.002998501232
1.7377760000000022,12176.560121767312
1.738085000000002,11347.517730497168
1.7384330000000021,11331.44475920883
1.738790000000002,10416.666666668296
1.739139000000002,10723.860589813577
1.739558000000002,13961.605584643825
1.739885000000002,15748.031496064452
1.7401310000000019,15873.015873013985
1.7403930000000019,16913.319238894637
1.740635000000002,17937.21973093493
1.740866000000002,16293.279022402621
1.741081000000002,15564.202334633275
1.741357000000002,14440.433212997865
1.741595000000002,11594.202898549389
1.741911000000002,11283.497884343022
1.742285000000002,12383.900928794019
1.742620000000002,14159.292035400067
1.742931000000002,15564.202334633275
1.743185000000002,13675.213675217517
1.743445000000002,11379.800853486713
1.7437700000000018,10376.134889752528
1.7441480000000018,12364.760432765388
1.744541000000002,16460.9053497947
1.7447950000000019,15296.36711280921
1.7450270000000019,14897.57914338893
1.745318000000002,9987.51560549249
1.745564000000002,10050.251256281168
1.746119000000002,13582.34295416073
1.746360000000002,10362.694300518204
1.746708000000002,10568.031704096555
1.747132000000002,13816.92573402692
1.7474650000000018,15936.254980079604
1.7477110000000018,16227.180527380842
1.7479670000000018,15904.57256460783
1.7482040000000019,11477.7618364391
1.748470000000002,11126.564673155055
1.748901000000002,14134.2756183729
1.749189000000002,13605.442176869987
1.749467000000002,13008.130081300133
1.7497770000000021,11644.83260552953
1.7500820000000021,11428.571428569063
1.7504640000000022,14234.875444841087
1.7507820000000023,17167.381974254255
1.7510260000000022,14209.591474248418
1.7512480000000021,9090.909090909174
1.751589000000002,9345.794392523714
1.7521280000000021,10403.120936283622
1.752445000000002,10554.089709765118
1.752897000000002,13913.04347826106
1.7532030000000018,12944.983818770072
1.753472000000002,12698.412698414544
1.7538210000000019,9888.7515451167
1.7541020000000018,10204.081632651527
1.754630000000002,16460.9053497947
1.754886000000002,12882.44766505672
1.755116000000002,9433.962264151389
1.755507000000002,11267.605633803001
1.7559640000000019,12326.656394450692
1.756217000000002,10335.917312660798
1.756613000000002,9925.558312654048
1.756991000000002,10914.051841744838
1.757419000000002,12738.853503183234
1.758879000000002,12251.148545175834
1.760323000000002,11799.410029499284
1.760715000000002,11142.061281337103
1.761001000000002,9557.945041816276
1.761433000000002,10767.160161508298
1.761838000000002,12345.679012346023
1.762176000000002,13289.036544850687
1.762486000000002,12500.00000000051
1.762778000000002,10362.694300518204
1.764252000000002,8978.675645342562
1.7647850000000018,8938.54748603262
1.765680000000002,8171.603677221127
1.766151000000002,8456.659619451288
1.766659000000002,9009.00900900901
1.767097000000002,8492.569002123157
1.767547000000002,9174.311926605675
1.768039000000002,8839.779005523342
1.768419000000002,9269.98841251386
1.773323000000002,9163.802978237001
1.8147890000000018,9433.962264151389
2.0600910000000026,8376.96335078305
2.325831000000002,8743.169398907112
2.329252000000002,8629.989212514414
2.329649000000002,8968.60986547193
2.330179000000002,8230.45267489735
2.337579000000002,9557.945041818812
2.3406340000000023,8639.30885528967
2.3410510000000024,8743.169398907112
2.3415600000000025,10498.687664042967
2.3419660000000024,11299.43502824969
2.3547160000000025,8179.95910020514
2.3576170000000025,11940.298507463605
2.3579270000000023,10389.610389608239
2.3592980000000026,8394.543546694811
2.3598340000000024,9248.554913293561
2.3602510000000025,8781.5587266751
2.3606990000000025,8998.875140608257
2.3644590000000023,8403.361344535291
2.3706680000000024,9269.988412516244
2.3723000000000023,8629.989212514414
2.3727130000000023,8064.516129031414
2.3743750000000023,10403.120936280618
2.3768310000000024,9937.888198761188
2.3785430000000023,9174.31192660801
2.382229000000002,8138.351983721821
2.382696000000002,8105.369807495059
2.383212000000002,9039.548022596351
2.383683000000002,8501.594048883437
2.3861710000000023,9650.180940893008
2.3865750000000023,9324.009324009048
2.3989000000000016,8394.543546694811
2.4122880000000015,9962.6400996278
2.4126560000000015,9163.802978237001
2.417899000000001,10389.610389608239
2.4183580000000013,9216.589861750186
2.4212920000000016,8324.66181061211
2.4217730000000017,8928.57142857135
2.4222530000000018,9356.725146198281
2.4226690000000017,8762.322015332493
2.435195000000002,8040.201005024486
2.4411360000000015,8859.357696566036
2.4416320000000016,8849.557522121564
2.4420390000000016,8888.888888887675
2.442536000000002,10928.961748637868
2.4429390000000017,11994.002998501232
2.4432680000000015,12882.447665052114
2.4436060000000017,13840.83044982777
2.4438890000000018,8024.072216650637
2.4461060000000017,8447.729672650197
2.446565000000002,8629.989212514414
2.4470530000000017,11142.061281337103
2.4474920000000018,12759.170653913374
2.4477710000000017,12924.071082392516
2.4481190000000015,9615.384615385265
2.4513800000000012,8830.022075054472
2.451904000000001,8255.9339525284
2.452873000000001,8048.2897384310745
2.453356000000001,8859.357696566036
2.467286000000001,8138.351983725497
2.479034000000001,8376.963350786944
2.481838,8412.197686644344
2.482362,8316.008316005278
2.4827890000000004,8781.55872667082
2.4867630000000007,9756.097560975099
2.4871880000000006,10752.688172041884
2.4939510000000014,10139.41698352151
2.4943210000000016,8008.0080080100115
2.4968810000000015,8537.886872999246
2.4973770000000015,8008.0080080100115
2.505624000000001,10430.247718386845
2.506055000000001,9696.969696971417
2.5098380000000007,8264.462809914778
2.510806000000001,8048.289738427478
2.5273330000000014,8483.563096501284
2.528901000000001,9615.384615385265
2.5293340000000013,9569.37799043503
2.529733000000001,9876.543209876818
2.530170000000001,11126.564673155055
2.530543000000001,8447.729672650197
2.533612000000001,10217.113665386914
2.5339690000000012,9768.009768010923
2.5343950000000013,11428.571428576313
2.535871000000001,13937.282229968741
2.536201000000001,13245.033112581708
2.536445000000001,10113.780025284626
2.540148000000001,9269.988412516244
2.540650000000001,10624.169986719735
2.541011000000001,13114.754098360669
2.541403000000001,12800.000000002547
2.541621000000001,11544.011544010633
2.542028000000001,10088.27238335662
2.5464440000000006,8483.563096501284
2.552104000000001,9389.671361501521
2.574353000000002,8113.590263690421
2.603729000000002,8456.659619451288
2.605424000000002,12678.288431065299
2.605805000000002,14545.45454545321
2.6105220000000022,10498.687664042967
2.6108500000000023,8762.322015336755
2.612453000000002,11157.601115762342
2.612803000000002,9313.154831202093
2.616732000000002,10884.353741494344
2.617161000000002,11611.030478956023
2.617467000000002,10012.51564455855
2.617850000000002,10512.48357424732
2.618266000000002,9535.160905839897
2.618611000000002,8908.685968816748
2.6259890000000023,8879.02330743797
2.6265990000000023,8791.20879121126
2.628340000000002,9153.31807780277
2.6286660000000017,9163.80297823234
2.629214000000002,10403.120936280618
2.634447000000002,8639.30885528967
2.634855000000002,8146.639511201311
2.639955000000002,9111.617312075878
2.6402720000000017,8519.701810438439
2.6408330000000015,8888.888888887675
2.644298000000002,10349.288486414756
2.644791000000002,11034.48275861937
2.645071000000002,9111.61731207127
2.653614000000002,10025.062656640644
2.653949000000002,8620.689655172044
2.665423000000002,8928.57142857135
2.666891000000002,8130.08130081405
2.6742930000000023,9489.916963224892
2.6758650000000026,9708.737864075809
2.6833620000000025,9324.009324009048
2.6837900000000023,8686.21064060851
2.7416750000000025,8188.331627429003
2.973300000000003,10012.51564455855
2.973757000000003,11235.955056179051
2.974099000000003,12638.23064770721
2.974469000000003,12558.869701731248
2.974732000000003,10416.666666668296
2.975106000000003,10139.41698352151
2.975500000000003,8064.516129031414
2.976492000000003,12139.60546281901
2.976924000000003,11347.517730490019
2.977151000000003,11126.564673155055
2.9776290000000034,16359.91820041028
2.9778700000000033,11251.75808720261
2.9781180000000034,8810.572687225555
2.9785810000000033,10914.051841748145
2.9790260000000033,10781.67115903258
2.979314000000003,9650.180940893008
2.979768000000003,12139.60546281901
2.980143000000003,14010.5078809028
2.9804270000000033,13840.83044982777
2.9807140000000034,8958.566629338979
2.9822160000000033,8547.008547010137
2.982669000000003,8928.57142857135
2.984445000000003,10540.184453228569
2.984839000000003,11126.564673155055
2.985204000000003,11034.48275861937
2.9855580000000033,8583.690987127127
2.985929000000003,9019.165727173917
2.991659000000003,8620.689655172044
3.006949000000003,8629.98921251028
3.0075160000000034,10914.051841741531
3.0078760000000035,11204.481792711978
3.0082490000000037,8230.45267489735
3.0092210000000037,11173.184357546317
3.0096140000000036,10554.089709765118
3.0099370000000034,9174.31192660801
3.0103720000000034,10568.031704099654
3.010809000000003,9937.888198761188
3.011129000000003,8714.596949891311
3.011614000000003,10928.961748631238
3.012047000000003,13722.12692966887
3.012346000000003,12698.41269841007
3.0126300000000032,10000.0000000011
3.012976000000003,11049.723756906888
3.013430000000003,11235.955056179051
3.013700000000003,11080.33240997059
3.014142000000003,12441.679626746298
3.0144220000000033,12841.091492776057
3.0147850000000034,12519.561815335363
3.0150450000000033,10810.810810811352
3.0154240000000034,12638.230647716076
3.0157850000000033,15037.593984969335
3.016057000000003,12987.012987014043
3.016317000000003,11887.0728083223
3.016673000000003,13816.92573402162
3.016990000000003,14732.965009197134
3.017252000000003,16877.637130798645
3.0175330000000034,15473.887814316979
3.0177260000000032,12618.296529972407
3.0180500000000032,12539.1849529797
3.018360000000003,10825.43978348729
3.018688000000003,9852.216748765355
3.0190990000000033,12578.616352199657
3.0195000000000034,13698.630136988228
3.0197350000000034,13961.605584649236
3.0200840000000033,16393.4426229568
3.020308000000003,13445.37815125772
3.020572000000003,11799.410029495419
3.0209030000000032,10869.565217386993
3.0212500000000033,11049.72375690011
3.0216390000000035,13793.103448269989
3.0219740000000037,14842.300556590535
3.0222190000000038,13490.725126479105
3.0225130000000036,14336.917562728218
3.0228120000000036,13008.13008130483
3.0230710000000034,11157.601115762342
3.0234270000000034,13157.894736848168
3.0237880000000033,12759.170653913374
3.024035000000003,11834.31952662899
3.024415000000003,15037.593984956782
3.024711000000003,15122.873345929333
3.024947000000003,14545.45454545321
3.0252400000000033,15473.887814316979
3.025497000000003,15624.999999997926
3.025757000000003,17467.248908294296
3.0260090000000033,16129.032258062827
3.026215000000003,14814.814814815229
3.0265050000000033,18475.750577380706
3.026755000000003,17897.091722600515
3.026938000000003,16359.91820041028
3.027202000000003,16260.1626016281
3.027427000000003,15624.999999997926
3.027694000000003,16460.9053497947
3.027939000000003,17353.579175703308
3.028180000000003,16877.637130798645
3.028400000000003,16359.91820041028
3.028654000000003,15267.17557251999
3.028889000000003,15414.258188819964
3.029178000000003,18306.63615559624
3.029408000000003,16842.105263149908
3.0296150000000033,14953.271028032514
3.0298830000000034,16701.461377874184
3.0301500000000035,16806.722689078422
3.0303620000000033,14925.373134331981
3.0306260000000034,14925.373134331981
3.030898000000003,15873.015873020979
3.0311620000000032,16194.33198381313
3.031402000000003,14519.056261338
3.031656000000003,15873.015873006992
3.0319530000000032,15503.875968986751
3.0321600000000033,15533.980582522969
3.0324690000000034,19370.460048426306
3.0326750000000033,15533.980582522969
3.0328820000000034,13582.342954155609
3.0331900000000034,14953.271028032514
3.0334710000000036,14285.714285711327
3.0337250000000036,14652.014652016385
3.0340310000000037,16064.25702811608
3.0342710000000035,15624.999999997926
3.0345290000000036,15904.57256460783
3.0347830000000036,16161.61616160453
3.0350320000000037,16842.105263149908
3.035278000000004,17467.248908294296
3.035507000000004,15533.980582522969
3.035736000000004,14440.433212992077
3.036022000000004,16701.4613778587
3.036290000000004,18306.63615559624
3.0365010000000043,15564.202334633275
3.0367270000000044,14311.270125224224
3.0370150000000042,15009.38086302986
3.0372860000000044,13536.379018612333
3.0375480000000046,13559.32203390133
3.0378770000000044,14842.300556590535
3.0381380000000044,15810.276679852102
3.0384160000000042,16032.064128255639
3.038644000000004,15810.276679838227
3.0389150000000043,16032.064128255639
3.0391500000000042,15748.031496064452
3.0394140000000043,15209.125475290826
3.039658000000004,15094.339622643804
3.039940000000004,17094.017094012164
3.040188000000004,14362.65709155831
3.040408000000004,13582.342954155609
3.0407450000000043,15873.015873006992
3.0409970000000044,14084.50704224494
3.0412490000000045,14678.89908256235
3.0415650000000047,15936.254980079604
3.0417940000000048,15267.17557251999
3.0420670000000047,17582.417582413942
3.0423180000000047,12861.736334407204
3.042522000000005,12403.10077519367
3.0429400000000046,16194.331983798571
3.043167000000005,15503.875968986751
3.043434000000005,15533.980582522969
3.043683000000005,13628.620102217132
3.043949000000005,14466.54611211506
3.044270000000005,16597.51037344841
3.044502000000005,16563.146997929223
3.044752000000005,15594.54191032507
3.044985000000005,16427.10472278835
3.045265000000005,17278.617710587627
3.045472000000005,15810.276679852102
3.045728000000005,15810.276679852102
3.0459780000000047,16194.33198381313
3.0462340000000045,17353.579175703308
3.0464720000000045,16194.331983798571
3.0466950000000046,14285.714285711327
3.0469660000000047,13266.998341627206
3.0472550000000047,14260.249554371989
3.0475690000000046,16460.9053497947
3.0478160000000045,16842.105263149908
3.0480550000000046,16597.51037343312
3.0482910000000047,15717.092337914622
3.048537000000005,16563.146997929223
3.048800000000005,18348.623853206675
3.049020000000005,18957.345971567465
3.049236000000005,18648.018648018096
3.049442000000005,19464.720194639565
3.049665000000005,18018.018018022525
3.049853000000005,16227.18052739546
3.050109000000005,16736.401673648696
3.0503460000000047,17094.017094012164
3.0505870000000046,17130.620985010883
3.050814000000005,16736.401673648696
3.0510540000000046,14184.397163125926
3.0512920000000046,14732.965009209183
3.0516180000000044,15779.092702161619
3.0518350000000045,15414.258188819964
3.0521250000000046,17057.569296381425
3.0523540000000047,14184.397163125926
3.0525940000000045,12422.360248449771
3.0529180000000045,16096.57947686934
3.0532380000000043,20997.375328085935
3.053415000000004,18390.804597702707
3.0536190000000043,15655.577299415116
3.053850000000004,16359.91820041028
3.0541300000000042,18691.588785052278
3.054339000000004,18648.018648018096
3.054558000000004,18475.750577361756
3.054768000000004,15037.593984956782
3.0549910000000042,11799.410029495419
3.0553000000000043,12738.853503187738
3.0556690000000044,18561.48491880004
3.055928000000004,19047.619047615102
3.0561000000000043,16293.279022395252
3.0563480000000043,14842.300556578306
3.0565910000000045,16326.530612241517
3.0568870000000046,18912.52955082464
3.0570810000000046,17167.381974254255
3.0573100000000046,16393.4426229568
3.0575470000000045,15686.27450981043
3.0577980000000045,13913.04347826106
3.0580570000000042,13937.282229957958
3.0583730000000044,15624.999999997926
3.0586310000000045,15180.265654650564
3.0588850000000045,17505.470459521293
3.0591580000000045,20050.125313292447
3.0593420000000044,18779.342723003043
3.0595570000000043,18912.52955082464
3.0597680000000045,17391.304347829682
3.0599800000000044,16227.180527380842
3.0602280000000044,15748.031496064452
3.0604730000000044,16096.57947686934
3.0607360000000043,15355.086372361031
3.060970000000004,16359.91820041028
3.0612570000000043,21052.63157895707
3.061459000000004,19093.078758952288
3.061637000000004,16842.105263165653
3.061878000000004,18390.804597702707
3.062112000000004,18691.588785032884
3.062313000000004,15503.875968986751
3.0625400000000043,14598.540145991505
3.0628290000000042,16227.18052739546
3.063088000000004,14311.270125224224
3.063322000000004,14652.014652016385
3.063647000000004,15473.887814316979
3.063868000000004,14440.433212992077
3.064164000000004,15533.980582522969
3.064422000000004,16129.032258062827
3.064679000000004,17505.470459521293
3.064918000000004,16129.032258077268
3.065136000000004,16194.33198381313
3.0654140000000036,17353.579175703308
3.0656300000000036,19184.652278172318
3.0658750000000037,21917.808219181163
3.0660470000000037,18475.750577380706
3.0662400000000036,17167.381974254255
3.0664800000000034,16563.146997929223
3.0667060000000035,15594.541910338568
3.0669630000000034,15094.339622643804
3.0672190000000032,15325.670498080373
3.0674930000000034,15594.54191032507
3.0677410000000034,16985.13800424231
3.0680060000000036,17353.579175703308
3.0682120000000035,16494.845360814852
3.0684670000000036,16877.637130798645
3.068697000000004,17777.777777784122
3.0689410000000037,18604.651162803315
3.0691470000000036,18058.69074493122
3.0693710000000034,17167.381974254255
3.0695900000000034,15533.980582522969
3.0698370000000033,16563.146997929223
3.0701050000000034,13400.335008376136
3.0703200000000033,12965.96434359617
3.0707020000000034,15355.086372361031
3.0709370000000034,16736.401673633147
3.0712230000000034,16913.319238886696
3.0714150000000036,14869.8884758323
3.0716960000000038,16359.91820041028
3.0719530000000037,16632.016632010556
3.0721850000000037,17278.617710571052
3.072434000000004,17977.52808988648
3.072648000000004,16563.146997929223
3.072879000000004,15564.202334619828
3.073131000000004,16129.032258062827
3.0733930000000043,16632.016632025912
3.073627000000004,16701.461377874184
3.073874000000004,15624.999999997926
3.074106000000004,16393.442622941882
3.074386000000004,18264.84018263245
3.0745940000000043,17130.620985010883
3.0748240000000044,15841.584158416541
3.0750610000000043,15748.031496064452
3.0753290000000044,15094.339622643804
3.075569000000004,14336.917562716808
3.0758590000000043,15936.254980079604
3.0761270000000045,16359.91820041028
3.0763610000000043,15503.875968986751
3.0766160000000045,14134.2756183729
3.0768770000000045,13559.32203390133
3.0771820000000045,14311.270125224224
3.0774670000000044,17316.017316010402
3.0777410000000045,18867.924528292897
3.0779290000000046,14084.50704224494
3.0781650000000047,14234.87544482984
3.078497000000005,17278.617710571052
3.078727000000005,15810.276679838227
3.0789600000000052,15444.015444014894
3.079233000000005,16393.442622941882
3.0794780000000053,12598.42519684275
3.0797210000000055,13136.288998351412
3.0801130000000057,18348.623853206675
3.080330000000006,17391.304347829682
3.0805490000000058,15414.258188833153
3.0807900000000057,14285.714285722657
3.0810680000000055,13937.282229968741
3.0813500000000054,15065.913370996437
3.0816420000000053,16494.845360814852
3.0818810000000054,17817.371937633496
3.0821270000000056,18475.750577361756
3.0823300000000056,17505.470459504282
3.0825600000000057,16597.51037343312
3.082787000000006,17167.381974237895
3.083042000000006,16736.401673633147
3.0832530000000062,14440.433212992077
3.0835200000000063,12841.091492776057
3.0838070000000064,14134.2756183729
3.0841430000000063,17021.276595745752
3.0843730000000065,16427.10472280333
3.0846130000000063,16460.9053497947
3.084860000000006,16701.461377874184
3.0850990000000063,17817.371937651118
3.085339000000006,17353.579175703308
3.085548000000006,15151.515151512742
3.085800000000006,15209.125475290826
3.086076000000006,14678.899082574311
3.086326000000006,14388.48920863307
3.086621000000006,13071.895424830642
3.086882000000006,13913.04347826106
3.087233000000006,16460.9053497947
3.087457000000006,13722.12692966887
3.087719000000006,12345.679012346023
3.088040000000006,14336.917562728218
3.088367000000006,15594.541910338568
3.088598000000006,12738.853503187738
3.088880000000006,11428.571428569063
3.089226000000006,12288.786482327296
3.089580000000006,13722.12692966887
3.089877000000006,13114.754098360669
3.090163000000006,11611.030478956023
3.090487000000006,13400.335008376136
3.090852000000006,17977.52808988648
3.091084000000006,15009.380863042366
3.091297000000006,11444.921316165866
3.091617000000006,10000.0000000011
3.091996000000006,12232.415902141936
3.092417000000006,16736.401673633147
3.092650000000006,14362.65709155831
3.092895000000006,10101.010101008495
3.0932070000000063,10126.582278482982
3.0936870000000063,13093.289689040903
3.093997000000006,11173.184357546317
3.094298000000006,10217.11366539271
3.094713000000006,12139.60546282719
3.0950810000000057,12558.869701731248
3.0953720000000056,10296.010296012872
3.0957180000000055,9569.377990429948
3.0961490000000054,10638.297872336068
3.0965540000000056,11730.205278587327
3.0969010000000057,10204.081632648637
3.097236000000006,11782.03240058358
3.097685000000006,16129.032258062827
3.097915000000006,9557.945041818812
3.098181000000006,8928.57142857135
3.098752000000006,13986.013986013571
3.099077000000006,14035.087719304713
3.099324000000006,13114.754098360669
3.099647000000006,13422.818791940386
3.099934000000006,15325.670498080373
3.100243000000006,11019.283746553037
3.100456000000006,8918.61761426832
3.1009690000000063,12698.41269841007
3.1013530000000062,10457.516339864515
3.1015990000000064,8438.818565399322
3.1021180000000066,8928.57142857135
3.1025470000000066,10204.081632654415
3.1030140000000066,12841.091492776057
3.1033310000000065,9400.705052879683
3.1036370000000066,8928.57142857135
3.1053470000000067,15009.380863042366
3.105586000000007,11799.410029503148
3.1058800000000066,8447.729672650197
3.1062640000000066,8179.95910020514
3.1068270000000067,11527.377521617978
3.1072420000000065,14234.875444841087
3.1075210000000064,9334.889148192611
3.1078040000000065,9269.988412516244
3.1083780000000063,12638.23064770721
3.1086670000000063,8830.022075054472
3.1090110000000064,9828.009828008711
3.1095730000000064,16227.180527380842
3.1098250000000065,15209.125475290826
3.1100660000000064,9864.364981508292
3.1103510000000063,9876.543209876818
3.110877000000006,10204.081632648637
3.1111610000000063,9615.384615380131
3.1116610000000064,13223.140495863643
3.1119930000000067,12800.000000002547
3.1122660000000066,9389.671361501521
3.1126180000000065,9345.794392521291
3.1131180000000067,14571.948998180877
3.1134740000000067,18264.84018265097
3.1136670000000066,14814.814814815229
3.1139120000000067,14109.347442686694
3.1142070000000066,12195.121951223828
3.1144790000000064,12987.012987014043
3.1148630000000064,12558.869701722493
3.1150950000000064,10796.221322535615
3.1155000000000066,13490.725126479105
3.1158360000000065,16260.1626016281
3.1160930000000064,14598.540145991505
3.1163280000000064,14285.714285722657
3.116641000000006,15841.584158416541
3.116888000000006,15779.092702161619
3.117146000000006,17094.017094012164
3.1173950000000064,17777.777777784122
3.1176140000000063,19607.843137267304
3.117845000000006,20833.33333333659
3.118022000000006,17817.371937633496
3.118229000000006,17777.777777766576
3.118471000000006,17094.017094012164
3.1186790000000064,17057.569296381425
3.1189390000000063,17738.359201774656
3.1191480000000062,15717.092337914622
3.1193900000000063,15503.875968986751
3.1196570000000063,14897.57914338893
3.1199060000000065,13266.998341627206
3.1201940000000064,11611.030478956023
3.1205090000000064,12307.692307695765
3.1208830000000063,16129.032258062827
3.1211590000000062,17057.569296365273
3.1213790000000063,16359.91820041028
3.1216280000000065,15936.254980079604
3.1218680000000063,15180.265654637773
3.1221300000000065,17897.091722582736
3.1223950000000067,16563.146997929223
3.122577000000007,15325.67049809341
3.1228780000000067,15655.577299415116
3.1230990000000065,15624.999999997926
3.1233890000000066,16913.319238902575
3.1236110000000066,12861.736334407204
3.1238620000000066,12012.012012015017
3.1242330000000065,16129.032258062827
3.1245280000000064,15968.063872245712
3.1247290000000065,12441.679626746298
3.1250290000000067,13961.605584638415
3.1253720000000067,15503.875968986751
3.125602000000007,14010.507880913698
3.125888000000007,15151.515151512742
3.1261730000000068,12965.96434359617
3.126416000000007,14414.41441441802
3.126790000000007,18648.018648018096
3.126971000000007,14159.292035400067
3.127219000000007,12578.616352199657
3.1275360000000068,13913.04347826106
3.127855000000007,14787.4306839274
3.1281110000000067,15009.380863042366
3.1283960000000066,15564.202334633275
3.1286440000000066,15594.541910338568
3.1289100000000065,15779.09270217544
3.1291570000000064,17021.276595745752
3.1294170000000063,17429.19389977419
3.1296270000000064,15594.54191032507
3.1298760000000065,17204.30107526291
3.1301400000000066,18823.52941176924
3.1303410000000067,16494.845360829957
3.1305650000000065,16949.152542363903
3.1308260000000065,19464.720194639565
3.1310370000000067,17467.248908294296
3.1312370000000067,15238.095238092083
3.131495000000007,14311.270125224224
3.131762000000007,14285.714285711327
3.1320540000000068,15180.265654650564
3.132322000000007,15810.276679852102
3.1325810000000067,15748.031496064452
3.1328280000000066,15296.367112802716
3.1330890000000067,16877.637130798645
3.133351000000007,19370.460048426306
3.1335630000000068,19704.433497541486
3.133764000000007,15968.063872259867
3.1339690000000067,15414.258188819964
3.1342650000000067,18691.588785052278
3.134488000000007,19002.375296921924
3.1346930000000066,17316.017316010402
3.1349090000000066,15384.615384606568
3.135155000000007,15686.27450979677
3.135429000000007,16064.257028101756
3.135665000000007,17977.52808988648
3.1359270000000072,19900.497512448135
3.136110000000007,16597.51037344841
3.136329000000007,15473.887814316979
3.136592000000007,15414.258188819964
3.136846000000007,15503.875968986751
3.137111000000007,14109.347442675644
3.137362000000007,14678.89908256235
3.1376780000000073,16359.91820041028
3.1379070000000073,17817.371937633496
3.1381670000000073,19093.07875893205
3.1383560000000075,18823.52941174957
3.1385860000000076,17937.21973093493
3.138781000000008,15414.258188819964
3.139032000000008,15473.887814303685
3.139300000000008,15999.999999994658
3.139549000000008,15717.092337914622
3.139800000000008,15779.092702161619
3.1400580000000082,14705.882352938474
3.1403070000000084,17057.569296381425
3.1406020000000083,22471.910112358102
3.1407760000000082,19002.37529690188
3.1409580000000084,17241.379310344088
3.1411970000000085,18018.018018022525
3.1414220000000084,17094.017094012164
3.1416410000000083,16227.180527380842
3.1418900000000085,16528.925619844722
3.1421340000000084,15151.515151525486
3.142374000000008,15594.541910338568
3.142662000000008,14571.948998180877
3.142887000000008,14545.45454545321
3.143211000000008,18735.362997650303
3.143437000000008,17738.359201774656
3.143638000000008,16326.530612256314
3.143888000000008,15904.57256462187
3.144128000000008,15717.092337914622
3.1443910000000077,17699.115044243128
3.144637000000008,18779.342723003043
3.144843000000008,17316.017316010402
3.145063000000008,17130.620985010883
3.145305000000008,18691.588785052278
3.145530000000008,18264.84018265097
3.145733000000008,15267.17557251999
3.145968000000008,16632.016632010556
3.146257000000008,17429.19389977419
3.146449000000008,15594.54191032507
3.146716000000008,15936.254980079604
3.1469620000000083,14059.753954315742
3.147218000000008,14953.271028044926
3.147531000000008,16293.27902240999
3.147753000000008,15065.913370996437
3.1480220000000076,17278.617710571052
3.148284000000008,16194.331983798571
3.148485000000008,16194.331983798571
3.148778000000008,13769.363166954887
3.148979000000008,13071.895424840128
3.149359000000008,16736.401673633147
3.149591000000008,16771.488469599542
3.149837000000008,16771.488469599542
3.150068000000008,16666.66666666542
3.1503140000000083,16427.10472280333
3.150548000000008,15873.015873020979
3.150801000000008,16129.032258062827
3.151052000000008,18867.924528292897
3.151297000000008,20000.0000000022
3.151476000000008,17241.379310344088
3.151697000000008,16666.66666666542
3.151940000000008,15748.031496064452
3.152177000000008,15624.999999997926
3.152448000000008,17241.379310344088
3.152689000000008,15873.015873006992
3.152912000000008,15209.125475277986
3.1531930000000084,17204.30107526291
3.1534380000000084,16877.637130798645
3.1536580000000085,16032.064128255639
3.1539120000000085,14842.300556590535
3.1541570000000085,15355.086372361031
3.1544510000000083,15009.38086302986
3.1546780000000085,15209.125475277986
3.1549840000000087,19417.475728141155
3.155204000000009,20253.16455695458
3.155396000000009,18099.54751131003
3.155599000000009,15936.254980079604
3.155838000000009,16129.032258062827
3.156101000000009,16359.91820041028
3.156334000000009,14134.275618383988
3.156590000000009,12800.000000002547
3.1569000000000087,14159.292035400067
3.1572150000000088,17897.091722600515
3.1574650000000086,17897.091722600515
3.1576620000000086,16666.66666666542
3.1579120000000085,15594.54191032507
3.1581420000000087,16528.925619829555
3.1584250000000087,16427.10472278835
3.158626000000009,12403.10077519367
3.158912000000009,12519.561815335363
3.159271000000009,13937.282229968741
3.159551000000009,13114.754098360669
3.1598450000000087,15037.593984956782
3.160161000000009,19323.671497578172
3.160377000000009,19093.078758952288
3.160575000000009,17316.017316027046
3.160796000000009,16000.000000008868
3.1610370000000088,15594.541910338568
3.1612960000000085,15936.254980079604
3.1615500000000085,16460.9053497947
3.1617980000000085,17977.52808988648
3.1620360000000085,15238.095238092083
3.1622430000000086,15238.095238092083
3.1625610000000086,18223.23462414254
3.1627680000000087,16359.91820041028
3.1630000000000087,16393.4426229568
3.1632570000000086,19559.902200494656
3.1634880000000085,20997.375328085935
3.1636660000000085,19607.843137267304
3.1638690000000085,20202.020202028318
3.1640740000000083,16064.25702811608
3.1642650000000083,11695.906432753927
3.164572000000008,11095.700416089201
3.164949000000008,13698.630136988228
3.165293000000008,16528.925619844722
3.165533000000008,17977.52808988648
3.165777000000008,18561.484918780916
3.165978000000008,16666.66666666542
3.166208000000008,13179.571663920397
3.166458000000008,12598.425196851562
3.166815000000008,15686.27450981043
3.167093000000008,17353.579175703308
3.167325000000008,16771.488469599542
3.167554000000008,14705.882352938474
3.167802000000008,14260.2495543607
3.168098000000008,13311.14808652083
3.1683630000000083,11331.444759205267
3.168699000000008,13071.895424830642
3.1690690000000084,16393.442622941882
3.1693110000000084,16460.9053497947
3.1695570000000086,16877.63713081446
3.1697970000000084,17699.115044260518
3.1700310000000083,15841.584158416541
3.170249000000008,15238.095238092083
3.1705360000000082,16326.530612241517
3.170774000000008,16949.152542363903
3.1710260000000083,16949.152542363903
3.1712460000000084,16597.51037343312
3.1714980000000086,14814.814814815229
3.1717280000000088,14440.433213003653
3.1720380000000086,13377.92642140248
3.1722820000000085,11678.83211678374
3.1726360000000087,14598.540145979674
3.1729670000000088,14625.228519193603
3.173184000000009,11188.811188810858
3.173514000000009,12195.121951215571
3.173899000000009,13840.83044982777
3.174170000000009,12638.230647716076
3.174477000000009,13651.877133111548
3.1748030000000087,12048.192771084376
3.1750630000000086,10217.113665386914
3.1754670000000087,12738.853503178729
3.175846000000009,17937.21973093493
3.176095000000009,19370.460048426306
3.176292000000009,14625.228519193603
3.177575000000009,13793.103448269989
3.177849000000009,13651.877133101201
3.179161000000009,9456.26477541232
3.179583000000009,11958.146487289952
3.180007000000009,12882.447665052114
3.180252000000009,9708.737864075809
3.1806280000000093,11560.693641619919
3.1810760000000093,12480.499219970909
3.1813200000000093,10403.120936280618
3.1817170000000092,12121.212121214272
3.1820890000000093,10914.051841748145
3.182377000000009,11494.252873562724
3.182822000000009,12519.561815335363
3.183073000000009,8255.9339525284
3.184042000000009,8724.10032715111
3.1845040000000093,10624.169986719735
3.1849590000000094,12578.616352199657
3.1852570000000093,11627.906976740063
3.1855950000000095,9779.951100242019
3.1859450000000096,10126.58227847729
3.1864130000000097,8113.590263690421
3.18739900000001,10389.61038961423
3.1877630000000097,8040.201005024486
3.1887580000000098,9411.764705879701
3.18923200000001,8205.128205128642
3.19020700000001,9411.764705879701
3.19076400000001,13582.342954155609
3.19105700000001,13422.818791940386
3.19135300000001,8429.926238142656
3.1923020000000104,13050.570962480148
3.1926600000000103,12638.23064770721
3.1929150000000104,12759.170653904337
3.1932930000000104,14311.270125224224
3.1935420000000105,11922.503725788738
3.1938520000000103,11379.800853490307
3.19421300000001,9950.248756218572
3.19455500000001,10088.27238335097
3.19501700000001,12176.560121767312
3.19567400000001,8928.57142857135
3.19637000000001,15267.17557251999
3.19870300000001,10796.221322535615
3.19905000000001,8163.265306120758
3.20003000000001,10943.912448699853
3.2005240000000104,14897.57914338893
3.20076100000001,10362.694300518204
3.2010610000000104,8714.596949891311
3.20153300000001,10443.864229764407
3.2019790000000103,10825.439783493795
3.20229900000001,11315.417256014658
3.20271800000001,11034.482758626129
3.20300600000001,10610.079575601048
3.20344300000001,14760.147601480905
3.2037600000000097,17977.52808988648
3.2039850000000096,17057.569296365273
3.2042050000000097,13245.033112581708
3.20445400000001,11251.75808720261
3.20480900000001,13377.92642140248
3.20516500000001,15655.577299415116
3.20540700000001,18099.54751131003
3.2056760000000097,17699.115044243128
3.20584900000001,14598.540145991505
3.20612800000001,16260.1626016281
3.2063970000000097,16771.488469599542
3.20662000000001,14184.397163125926
3.2068740000000098,14598.540145991505
3.2071840000000096,14519.056261349702
3.2074220000000095,12924.071082392516
3.2077350000000093,14159.292035400067
3.2080410000000095,16877.63713081446
3.2083000000000093,16494.845360829957
3.208515000000009,14545.45454545321
3.208785000000009,15267.17557251999
3.209065000000009,17094.017094028386
3.209309000000009,14814.814814815229
3.209533000000009,12738.853503178729
3.209849000000009,14705.882352938474
3.210161000000009,15444.015444014894
3.210393000000009,13445.37815125772
3.210679000000009,12759.170653904337
3.2109880000000093,12084.59214501214
3.2113060000000093,12759.170653904337
3.2116500000000094,13513.513513510135
3.2119330000000095,14466.54611211506
3.2122420000000096,16293.27902240999
3.2124860000000095,16701.461377874184
3.2127330000000094,18348.623853206675
3.2129650000000094,14134.2756183729
3.2131690000000095,13793.10344828055
3.2135310000000095,15748.031496064452
3.2137490000000093,14732.965009209183
3.2140390000000094,14953.271028044926
3.2142920000000093,15325.67049809341
3.214574000000009,17353.579175720024
3.214814000000009,17316.017316027046
3.2150350000000087,18306.63615561484
3.2152760000000087,15065.913370996437
3.2154720000000085,12326.656394450692
3.2158070000000087,14084.507042255953
3.2161210000000087,16227.180527380842
3.2163750000000086,17316.017316010402
3.2166140000000087,16494.845360814852
3.216837000000009,14209.591474242814
3.217099000000009,15065.913370996437
3.217400000000009,14678.89908256235
3.217630000000009,14010.507880913698
3.217945000000009,14388.48920863307
3.218201000000009,14311.270125224224
3.218501000000009,15325.67049809341
3.218760000000009,15717.092337914622
3.219023000000009,17660.04415010029
3.219269000000009,18223.23462414254
3.219476000000009,16806.722689078422
3.219708000000009,16427.10472278835
3.219952000000009,15873.015873006992
3.2201950000000092,14842.300556590535
3.2204560000000093,14159.292035400067
3.220734000000009,13245.033112581708
3.2210210000000092,14787.4306839274
3.221338000000009,17817.371937651118
3.221562000000009,18223.23462414254
3.221787000000009,14010.5078809028
3.222001000000009,13266.998341617435
3.222358000000009,14953.271028032514
3.2226040000000093,13722.126929679322
3.2228930000000093,14925.373134331981
3.223187000000009,17505.470459521293
3.223429000000009,17167.381974254255
3.223644000000009,16194.331983798571
3.223895000000009,18181.818181809173
3.2241380000000093,19047.619047615102
3.2243350000000093,17467.248908294296
3.2245580000000094,17660.0441501176
3.2247930000000093,18306.63615561484
3.225011000000009,12698.41269841007
3.225230000000009,12403.10077519367
3.2256410000000093,15180.265654650564
3.225875000000009,15296.367112802716
3.2261680000000093,19323.671497578172
3.2263980000000094,21680.21680216428
3.2265820000000094,19002.37529690188
3.2267670000000095,19138.755980849728
3.2270030000000096,14787.43068391526
3.2271850000000097,12903.225806450262
3.2275440000000097,15999.999999994658
3.22780500000001,16842.105263149908
3.22804400000001,16096.579476854957
3.22828000000001,13422.818791940386
3.22854100000001,14869.8884758323
3.2288760000000103,16806.722689078422
3.2290790000000102,11922.503725780847
3.22935200000001,12345.679012346023
3.2297500000000103,15904.57256462187
3.23000000000001,16194.33198381313
3.23025300000001,17167.381974254255
3.23049400000001,16771.488469599542
3.23071900000001,15779.092702161619
3.23097100000001,15779.092702161619
3.23122600000001,17204.30107526291
3.2314780000000103,19417.475728162084
3.2316910000000103,18735.36299766979
3.23189000000001,17660.0441501176
3.23211800000001,14598.540145991505
3.23234300000001,14260.249554371989
3.23266600000001,17057.569296381425
3.2329040000000098,16194.33198381313
3.2331350000000096,15936.254980079604
3.2333980000000095,17391.304347829682
3.2336370000000096,15473.887814316979
3.2338580000000094,14598.540145979674
3.2341540000000095,14760.147601468812
3.2344060000000097,16771.488469599542
3.23469600000001,18018.018018022525
3.2348830000000097,13888.888888885707
3.2351400000000097,14842.300556578306
3.23545900000001,14842.300556578306
3.23567900000001,12658.227848101948
3.23599800000001,15779.09270217544
3.23631100000001,20997.375328085935
3.23650500000001,17467.248908294296
3.23669200000001,15151.515151512742
3.23696300000001,15473.887814316979
3.23722000000001,15655.577299415116
3.23748000000001,16632.016632010556
3.23773100000001,15325.670498080373
3.23796100000001,14981.273408238734
3.23825300000001,17505.470459521293
3.23849500000001,15968.063872259867
3.23871000000001,15904.57256460783
3.23899600000001,15325.670498080373
3.23921300000001,13961.605584638415
3.23951800000001,13582.342954155609
3.2397860000000103,13986.013986013571
3.2401070000000103,18561.48491880004
3.2403580000000103,16877.63713081446
3.24053800000001,15841.584158416541
3.24083200000001,17937.21973093493
3.24104300000001,15384.615384619707
3.24127800000001,13513.513513520273
3.24156300000001,14311.270125224224
3.24187000000001,14598.540145979674
3.24212200000001,13114.754098360669
3.24241800000001,15325.670498080373
3.24273200000001,18264.84018263245
3.24294000000001,17167.381974237895
3.2431700000000103,14059.75395430477
3.2434060000000104,13289.03654485559
3.2437390000000104,15209.125475290826
3.24400800000001,14059.75395430477
3.24426500000001,13333.333333334802
3.2445770000000103,15065.913370996437
3.24486500000001,16771.488469599542
3.2451080000000103,17897.091722600515
3.24534200000001,15533.980582522969
3.24555500000001,15325.670498080373
3.24585700000001,19184.652278172318
3.2460770000000103,20202.020202028318
3.2462740000000103,19753.086419764466
3.24647300000001,16913.319238902575
3.24667900000001,16064.25702811608
3.24694600000001,15936.254980079604
3.24717700000001,15325.670498080373
3.24744800000001,15180.265654650564
3.24769900000001,13937.282229968741
3.24797500000001,13769.363166954887
3.24827300000001,14625.228519193603
3.24855600000001,13888.888888885707
3.24882000000001,14084.507042255953
3.24913200000001,17621.14537445111
3.24938800000001,15209.125475277986
3.24958600000001,13864.818024256901
3.24991400000001,16563.146997929223
3.2501630000000103,13355.59265442863
3.25039700000001,12759.170653904337
3.25076200000001,14981.273408238734
3.2510240000000103,16227.18052739546
3.25129600000001,17353.579175720024
3.25151700000001,17857.1428571427
3.25175700000001,15999.999999994658
3.25196500000001,15473.887814316979
3.25225700000001,17429.19389979105
3.25248200000001,18018.018018022525
3.2527160000000097,16359.91820041028
3.2529260000000098,16161.61616161903
3.2532050000000097,17094.017094012164
3.2534210000000097,15810.276679838227
3.25367300000001,17021.276595745752
3.25392700000001,17204.30107526291
3.2541430000000098,13722.12692966887
3.25439200000001,11782.032400591286
3.25472600000001,14869.888475844575
3.25507100000001,16359.91820041028
3.2552640000000097,15904.57256460783
3.25556000000001,17817.371937633496
3.25576700000001,13093.289689031386
3.25600900000001,12422.360248449771
3.25637800000001,16494.845360829957
3.25665300000001,17738.359201774656
3.25686300000001,15267.17557251999
3.2571040000000098,11782.032400591286
3.25738700000001,12480.499219970909
3.2577830000000096,16913.319238902575
3.2580280000000097,17977.52808988648
3.2582560000000096,15564.202334619828
3.2584730000000097,15473.887814303685
3.25877000000001,13864.818024256901
3.25899000000001,12121.212121206116
3.25934700000001,14035.087719293777
3.2596500000000104,12539.1849529797
3.2599170000000104,12738.853503187738
3.2602880000000103,17057.569296381425
3.2605450000000102,17204.301075279338
3.26075700000001,13377.926421412414
3.26101000000001,10973.936899866474
3.2613550000000098,12364.760432769632
3.2617390000000097,15325.67049809341
3.2620020000000096,15748.031496064452
3.2622610000000094,10484.927916119626
3.2625100000000096,10512.48357424732
3.2630240000000095,16359.91820041028
3.2632710000000094,14035.087719293777
3.2635130000000094,12841.091492776057
3.2638410000000095,14625.228519193603
3.2641360000000095,14492.753623179742
3.2643880000000096,14010.5078809028
3.26468800000001,13223.140495863643
3.26495900000001,10958.904109590581
3.26529300000001,10554.089709765118
3.26568900000001,14492.753623191402
3.26605100000001,16293.27902240999
3.2662410000000097,11299.43502824969
3.2665420000000096,12176.560121767312
3.2669490000000097,16227.180527380842
3.2671990000000095,15904.57256460783
3.2674420000000097,15594.541910338568
3.2677020000000097,13840.83044982777
3.2679550000000095,12987.012987014043
3.2682800000000096,11904.761904765734
3.2685710000000094,11678.83211679131
3.2689520000000094,15473.887814316979
3.2692560000000093,14897.57914338893
3.2694690000000093,15238.095238092083
3.2697930000000093,17204.30107526291
3.2699940000000094,12861.736334407204
3.2702580000000094,10796.221322542086
3.2706160000000093,12539.1849529797
3.270999000000009,14084.507042255953
3.271254000000009,13093.289689040903
3.271567000000009,11851.851851856081
3.271865000000009,13355.59265442863
3.2722420000000088,13961.605584638415
3.2724640000000087,10139.41698352151
3.272815000000009,11661.807580175531
3.273253000000009,14035.087719293777
3.273501000000009,12066.365007535978
3.275843000000009,9720.534629404403
3.276222000000009,8830.022075054472
3.276666000000009,9615.384615380131
3.277128000000009,9174.311926603337
3.2774980000000093,9756.097560975099
3.2780000000000094,10025.062656640644
3.280137000000009,10498.687664042967
3.280622000000009,12519.561815335363
3.282523000000009,11594.202898549389
3.2828510000000093,9345.794392521291
3.2837070000000095,8359.45663531786
3.2843430000000096,8898.776418242658
3.2846640000000096,8154.9439347612915
3.2852420000000095,8724.100327155336
3.2856450000000095,8179.95910020514
3.2882900000000093,11611.030478956023
3.288674000000009,11834.31952662899
3.288979000000009,11799.410029503148
3.289350000000009,12861.736334407204
3.289657000000009,12326.656394450692
3.289972000000009,12718.60095389526
3.290306000000009,14010.507880913698
3.290601000000009,14414.41441441802
3.290877000000009,10139.416983527219
3.291156000000009,10526.315789478534
3.2916660000000086,18390.804597702707
3.2919160000000085,15533.980582522969
3.2921010000000086,11363.636363639336
3.2924310000000085,12638.230647716076
3.2928050000000084,16771.488469615157
3.293064000000008,16194.33198381313
3.293282000000008,12861.736334407204
3.293558000000008,12383.900928789762
3.293904000000008,14732.965009197134
3.294204000000008,15355.086372361031
3.2944470000000083,14953.271028044926
3.294725000000008,13490.725126479105
3.294982000000008,11220.196353440251
3.295318000000008,13333.333333334802
3.295695000000008,12121.212121214272
3.295918000000008,10738.25503356031
3.2963550000000077,11577.424023158615
3.2966630000000077,12738.853503187738
3.2970460000000075,12012.012012015017
3.2972910000000075,10204.081632654415
3.2977120000000073,11713.030746705896
3.2980750000000074,13179.571663920397
3.2983950000000073,13675.213675212326
3.2986820000000074,12345.679012346023
3.2989800000000074,10582.010582010877
3.2993300000000074,8040.201005024486
3.2997360000000073,9937.888198755707
3.3003250000000075,16326.530612241517
3.3005410000000075,16096.579476854957
3.3008150000000076,14519.056261338
3.3010380000000077,11235.955056179051
3.301366000000008,12232.415902141936
3.3017500000000077,14084.507042255953
3.3020200000000077,15151.515151512742
3.3023180000000076,17021.276595745752
3.302548000000008,13582.34295416585
3.3027880000000076,11904.761904765734
3.3031370000000075,14209.591474254023
3.3034600000000074,14362.657091569761
3.303700000000007,15094.339622643804
3.304017000000007,15444.015444014894
3.304230000000007,13136.288998360991
3.304535000000007,10666.666666666262
3.304839000000007,11764.7058823527
3.305285000000007,15355.086372361031
3.305519000000007,11994.002998501232
3.305806000000007,13400.335008376136
3.306186000000007,17241.379310344088
3.306403000000007,14705.882352938474
3.306650000000007,12232.41590213363
3.306947000000007,12269.938650304925
3.3073040000000073,16227.180527380842
3.3075990000000073,17543.859649113805
3.3077970000000074,16597.51037344841
3.3080550000000075,15503.875969000093
3.3082790000000073,15594.541910338568
3.3085710000000073,18181.818181827526
3.308792000000007,16877.637130798645
3.309011000000007,16227.180527380842
3.309266000000007,13333.333333334802
3.309504000000007,13536.379018612333
3.309866000000007,16161.61616161903
3.310095000000007,16494.845360829957
3.310361000000007,18181.818181827526
3.310580000000007,18264.84018265097
3.3108010000000068,16161.61616161903
3.311018000000007,10810.810810811352
3.3112960000000067,11851.851851848283
3.311758000000007,15414.258188819964
3.311971000000007,15151.515151512742
3.312277000000007,17130.620985010883
3.312499000000007,17167.381974254255
3.312744000000007,17316.017316027046
3.312965000000007,13201.320132015719
3.3132060000000068,10204.081632654415
3.3135710000000067,12232.415902141936
3.3139900000000067,16913.319238902575
3.3142250000000066,16528.925619829555
3.3144630000000066,15209.125475277986
3.314709000000007,15533.980582522969
3.314989000000007,13651.877133101201
3.315224000000007,13651.877133101201
3.315575000000007,13311.14808652083
3.315810000000007,13223.140495863643
3.316176000000007,17391.304347829682
3.316415000000007,16000.000000008868
3.316636000000007,15296.367112815704
3.316915000000007,17582.417582413942
3.317159000000007,13769.363166944362
3.317370000000007,12251.148545171669
3.3177400000000072,13490.725126479105
3.3180230000000073,15686.27450981043
3.318333000000007,19417.475728162084
3.318533000000007,16985.138004258326
3.318745000000007,16460.9053497947
3.3190040000000067,16359.918200395423
3.319231000000007,16427.10472278835
3.319493000000007,18648.018648018096
3.319718000000007,18823.52941176924
3.319922000000007,17582.417582431102
3.320143000000007,15625.000000011478
3.320377000000007,16393.4426229568
3.3206550000000066,15904.57256460783
3.3208650000000066,16393.442622941882
3.3211580000000067,16736.401673633147
3.321353000000007,14234.875444841087
3.321636000000007,15810.276679838227
3.321915000000007,16326.530612241517
3.322142000000007,17505.470459521293
3.322405000000007,21739.1304347871
3.322599000000007,19464.720194660596
3.322773000000007,17241.379310344088
3.3230100000000067,15384.615384606568
3.323237000000007,15122.873345929333
3.323530000000007,17353.579175703308
3.323766000000007,15779.09270217544
3.323991000000007,15209.125475290826
3.324273000000007,16096.57947686934
3.324517000000007,15717.092337928336
3.3247700000000067,16842.105263165653
3.3250260000000065,16736.401673648696
3.3252450000000064,15748.031496064452
3.3255040000000062,13888.888888885707
3.3257530000000064,13864.818024267573
3.3260800000000064,16632.016632025912
3.3263300000000062,18018.018018022525
3.326561000000006,15122.873345929333
3.326774000000006,13289.036544845785
3.3270900000000063,14625.228519193603
3.3273760000000063,13722.12692966887
3.3276370000000064,13223.140495863643
3.3279590000000066,13422.818791950387
3.3282420000000066,12924.071082392516
3.3285550000000064,14059.75395430477
3.3288610000000065,13445.37815125772
3.3291240000000064,13490.725126469002
3.3294560000000066,15355.086372361031
3.3297170000000067,15180.265654650564
3.3299770000000066,16161.61616161903
3.3302440000000066,15936.254980079604
3.3304720000000065,12738.853503178729
3.3307460000000066,12176.560121759083
3.331100000000007,13628.62010220682
3.331403000000007,12718.60095389526
3.331687000000007,13986.013986013571
3.332032000000007,17467.248908294296
3.332259000000007,16129.032258062827
3.332490000000007,15594.54191032507
3.3327550000000072,15094.339622643804
3.3330030000000073,16913.319238902575
3.333285000000007,16460.9053497947
3.333476000000007,15355.086372361031
3.333771000000007,13490.725126479105
3.333997000000007,13864.818024267573
3.334364000000007,20050.12531327013
3.334574000000007,18518.518518499997
3.3347630000000072,16161.61616160453
3.3350060000000075,16913.319238902575
3.3352580000000076,14440.433213003653
3.3354790000000074,14519.056261349702
3.3358120000000073,15122.873345942027
3.336030000000007,14134.2756183729
3.336341000000007,16736.401673633147
3.3365960000000072,16494.845360814852
3.3368190000000073,15968.063872245712
3.3370810000000075,15999.999999994658
3.3373200000000076,15564.202334633275
3.3375810000000077,17817.371937651118
3.3378340000000075,19002.375296921924
3.3380300000000074,16494.845360829957
3.3382550000000073,14814.814814815229
3.3385150000000072,14109.347442675644
3.3387950000000073,15209.125475277986
3.3390820000000074,17857.1428571427
3.3393210000000075,18518.518518519035
3.3395300000000074,15936.254980079604
3.3397530000000075,14336.917562728218
3.3400320000000074,15355.086372361031
3.3403110000000074,16194.331983798571
3.3405530000000074,14440.433212992077
3.3408050000000076,15503.875968986751
3.3411070000000076,19323.671497578172
3.3413210000000078,18223.23462414254
3.3415210000000077,17582.417582413942
3.341760000000008,17241.379310344088
3.341976000000008,15717.092337914622
3.342224000000008,15841.584158416541
3.342485000000008,16806.722689078422
3.342729000000008,13961.605584638415
3.342961000000008,14059.75395430477
3.343302000000008,19138.75598087006
3.343530000000008,19559.902200494656
3.343720000000008,14869.8884758323
3.3439390000000078,12658.227848101948
3.344258000000008,14869.888475844575
3.3445710000000077,16877.637130798645
3.3447960000000077,17699.115044243128
3.345045000000008,15267.17557251999
3.3452480000000078,12820.512820509122
3.345569000000008,14466.54611211506
3.345872000000008,16877.63713081446
3.346122000000008,20151.133501260425
3.3463460000000076,16359.918200395423
3.346519000000008,14414.414414406487
3.346835000000008,14209.591474242814
3.347074000000008,13769.363166954887
3.347398000000008,11713.030746705896
3.347655000000008,11267.605633799476
3.348081000000008,15151.515151512742
3.3483650000000083,16293.27902240999
3.348609000000008,15209.125475290826
3.348856000000008,12364.760432769632
3.349135000000008,12441.67962675489
3.349503000000008,13311.148086530666
3.3497780000000077,14285.714285722657
3.3501040000000075,16666.66666666542
3.3503380000000074,14234.87544482984
3.3505840000000076,10943.912448699853
3.3509000000000078,10928.961748637868
3.3513150000000076,14285.714285711327
3.3516320000000075,17021.27659572967
3.3518750000000077,15180.265654637773
3.352102000000008,13559.322033891123
3.352402000000008,14059.75395430477
3.352692000000008,13769.363166954887
3.352971000000008,13986.013986013571
3.353273000000008,16460.9053497947
3.353543000000008,13888.888888885707
3.353759000000008,12307.692307687357
3.3541190000000083,13864.818024256901
3.3544090000000084,16227.180527380842
3.3546960000000086,17057.569296381425
3.3549020000000085,13745.704467352005
3.3551650000000084,14732.965009209183
3.3554840000000086,12251.14854518
3.3557080000000084,9237.875288685615
3.3561370000000084,11611.030478956023
3.356574000000008,16949.152542363903
3.3568260000000083,15594.54191032507
3.3570460000000084,13559.322033891123
3.3573390000000085,14625.228519193603
3.3576360000000087,16260.1626016281
3.3578860000000086,13201.320132015719
3.3581280000000087,12213.740458022203
3.3584920000000085,11747.430249637902
3.3587830000000083,8918.617614272734
3.359173000000008,10738.25503356031
3.359680000000008,9535.160905839897
3.359918000000008,9501.18764845595
3.360519000000008,15094.339622643804
3.360760000000008,11887.0728083223
3.361049000000008,11887.0728083223
3.361433000000008,13536.379018612333
3.361722000000008,13698.630136988228
3.362024000000008,10752.688172041884
3.362306000000008,10309.278350514003
3.362768000000008,8639.308855293813
3.363082000000008,8196.7213114784
3.3636940000000077,9060.022650056962
3.3640580000000075,8403.361344535291
3.3645770000000077,12618.296529963569
3.365010000000008,13093.289689031386
3.365211000000008,9345.794392521291
3.366839000000008,11527.377521610602
3.367287000000008,15238.095238092083
3.3675330000000083,13536.379018612333
3.3678120000000082,14285.714285711327
3.3681240000000083,15444.015444014894
3.3683720000000084,12499.999999996173
3.3686420000000084,11976.047904189592
3.3690120000000086,11142.061281337103
3.3693100000000085,9557.94504181374
3.3701470000000087,8743.169398907112
3.3707460000000085,10652.463382154738
3.3710620000000087,10101.010101008495
3.3714970000000086,11315.417256007551
3.371854000000009,10928.961748631238
3.372204000000009,11834.31952662899
3.372586000000009,12861.736334407204
3.3728800000000088,13722.12692966887
3.373208000000009,9876.543209876818
3.376385000000009,9142.85714285989
3.376839000000009,8196.7213114784
3.3786210000000083,9111.61731207127
3.3789640000000083,8583.690987123036
3.3794990000000085,10335.917312663763
3.3798960000000084,8121.8274111674
3.384442000000009,8105.369807498706
3.3862410000000085,8394.543546694811
3.413114000000009,8438.818565399322
3.6350140000000093,9280.74245940002
3.6938720000000096,8519.701810438439
3.70019300000001,8273.009307134083
3.7072370000000103,8298.755186720382
3.769316000000011,8394.543546690898
3.772950000000012,8097.165991902925
3.773938000000012,9195.402298851353
3.774440000000012,8537.886872999246
3.7753770000000118,9227.220299885179
3.7768470000000116,9163.802978237001
3.7789580000000114,11065.006915632273
3.779373000000011,8648.648648648044
3.7826000000000115,8519.701810438439
3.7865600000000117,10000.0000000011
3.7870560000000117,12903.225806450262
3.7873600000000116,10596.02649006225
3.788952000000012,11976.047904189592
3.789369000000012,13355.59265442863
3.791329000000012,8928.57142857135
3.793092000000012,8421.05263157889
3.793610000000012,11782.032400591286
3.799825000000012,8163.265306124458
3.802756000000012,8695.652173914841
3.803207000000012,8547.008547010137
3.804947000000012,13816.92573402162
3.8052640000000117,14545.45454545321
3.805526000000012,8359.45663532174
3.8064830000000116,9345.794392521291
3.809589000000012,9744.214372719302
3.816805000000011,8752.735229760647
3.817301000000011,9345.794392526139
3.817719000000011,9153.31807780277
3.818157000000011,9291.52148664343
3.818593000000011,8438.818565403275
3.8195410000000107,8130.08130081405
3.8200840000000107,10403.120936280618
3.8205250000000106,11544.011544010633
3.8208530000000107,10943.912448699853
3.8212180000000107,10680.907877171147
3.8215840000000108,10554.089709765118
3.828053000000011,8154.9439347612915
3.8285410000000106,8088.9787664296855
3.84378400000001,9153.31807780277
3.8584090000000106,10540.184453228569
3.8588100000000107,8714.596949891311
3.8591680000000106,8686.21064060851
3.8621420000000106,9009.009009006757
3.8625360000000106,8032.12851405446
3.864324000000011,10230.179028132201
3.865840000000011,8281.573498968419
3.866296000000011,8667.388949081107
3.8700920000000107,8800.880088008329
3.871644000000011,11331.444759205267
3.873496000000011,15873.015873020979
3.8737300000000108,8501.594048883437
3.875205000000011,8121.8274111674
3.876009000000011,12578.616352199657
3.876645000000011,8273.009307137883
3.877194000000011,10139.416983527219
3.8776120000000107,12618.296529972407
3.8779830000000106,12882.447665061327
3.8782460000000105,11764.7058823527
3.8803620000000105,11764.7058823527
3.8808150000000103,16194.331983798571
3.8810420000000105,17094.017094012164
3.8813090000000106,20565.552699218497
3.8815100000000107,20618.556701028007
3.8816980000000108,14134.2756183729
3.8818980000000107,10526.315789472383
3.882264000000011,11019.283746553037
3.882658000000011,11004.126547449752
3.884458000000011,9638.55421686621
3.884982000000011,13769.363166954887
3.885288000000011,11111.111111113705
3.885563000000011,9227.220299885179
3.8870990000000107,13311.14808652083
3.8874320000000107,11347.517730497168
3.887700000000011,10781.67115903258
3.8881370000000106,13913.04347826106
3.8884420000000106,11331.444759205267
3.8887120000000106,10624.169986719735
3.8891480000000107,10498.687664042967
3.8894650000000106,11976.047904189592
3.8899100000000106,8888.888888887675
3.8908100000000108,13605.442176869987
3.891215000000011,14897.57914338893
3.891398000000011,13377.92642140248
3.891752000000011,10322.580645161688
3.891996000000011,8188.331627429003
3.892527000000011,8869.179600887328
3.892973000000011,10914.051841748145
3.893429000000011,12422.360248449771
3.893706000000011,10362.694300518204
3.8940730000000108,9302.32558139205
3.894478000000011,8492.569002121156
3.895420000000011,8898.776418242658
3.895981000000011,10652.463382154738
3.896319000000011,9638.55421686621
3.896732000000011,9227.220299885179
3.897599000000011,9422.8504122486
3.8982200000000113,15384.615384619707
3.8984480000000112,11034.48275861937
3.898740000000011,8290.155440411701
3.8997050000000115,8429.926238146601
3.9002450000000115,8113.5902636940755
3.9006540000000114,8438.818565403275
3.901231000000011,9259.259259259517
3.901602000000011,8474.576271185939
3.902095000000011,9269.988412516244
3.902546000000011,8307.372793353696
3.903509000000011,8307.372793357526
3.904089000000011,9080.590238368713
3.9230910000000097,9422.8504122486
3.93450600000001,8908.685968821153
3.93496200000001,8667.388949076938
3.93981400000001,10624.169986719735
3.94024200000001,9626.955475328052
3.94283300000001,8368.20083682046
3.94481700000001,14466.54611211506
3.9450540000000096,9696.969696966198
3.94537000000001,9650.180940893008
3.94587900000001,9216.589861750186
3.94799000000001,8648.648648648044
3.94851100000001,10050.251256278365
3.94891500000001,9378.663540443125
3.9504030000000103,8988.76404494324
3.9512930000000104,9184.84500573983
3.95458300000001,10540.184453228569
3.95498600000001,11477.7618364391
3.95534200000001,12461.059190030543
3.9556830000000103,10152.28426395925
3.95598400000001,9313.154831197278
3.9564710000000103,9650.180940893008
3.9590320000000103,8519.70181043441
3.9595660000000104,11142.061281337103
3.9599710000000106,11713.030746705896
3.9602840000000104,10869.565217386993
3.9606540000000106,8188.331627429003
3.9610200000000106,8839.77900552551
3.961631000000011,10958.904109590581
3.9619250000000106,8686.21064060851
3.9636400000000105,8820.286659314355
3.9640630000000106,10512.483574241187
3.9645470000000107,11611.030478956023
3.964824000000011,10512.48357424732
3.9652360000000106,10884.353741494344
3.9655850000000106,8429.926238142656
3.965971000000011,8839.77900552551
3.966534000000011,11713.030746705896
3.9668760000000107,11958.146487289952
3.967217000000011,11730.205278587327
3.967545000000011,9580.838323349126
3.967899000000011,8179.959100201426
3.9688770000000115,9101.251422072066
3.9694360000000115,13071.895424840128
3.9697560000000114,10723.860589813577
3.9700480000000113,10471.204188484899
3.9705020000000113,9732.360097325041
3.970812000000011,10282.776349615118
3.971324000000011,9685.230024213153
3.971590000000011,8264.462809914778
3.972150000000011,9389.671361501521
3.9725580000000114,10989.010989010054
3.9730020000000112,9535.160905839897
3.9732860000000114,8113.5902636940755
3.9738410000000113,8273.009307137883
3.977185000000011,11922.503725780847
3.977535000000011,11157.601115762342
3.977856000000011,9259.259259259517
3.978252000000011,11315.417256007551
3.978720000000011,11644.83260552953
3.980203000000011,11396.011396011714
3.980658000000011,11869.4362017793
3.980905000000011,8368.20083682046
3.981332000000011,8000.000000000881
3.981861000000011,9523.809523807551
3.982332000000011,10869.56521739355
3.982701000000011,9732.360097325041
3.983068000000011,8376.96335078305
3.983523000000011,9248.554913293561
3.984023000000011,10349.288486414756
3.984388000000011,10050.251256278365
3.9847960000000113,9280.74245939524
3.9872990000000113,9950.248756218572
3.987667000000011,9039.548022596351
3.9881030000000113,8342.022940563676
3.9885520000000114,8273.009307137883
3.989062000000011,9142.85714285989
3.989519000000011,10796.221322542086
3.989937000000011,12944.983818774723
3.990260000000011,12924.071082392516
3.991769000000011,10403.120936280618
3.9922060000000106,11235.955056179051
3.992538000000011,10540.184453228569
3.9929180000000106,12066.365007535978
3.9932970000000108,10037.641154323937
3.995396000000011,9049.773755655015
3.998748000000011,10204.081632654415
3.999204000000011,8105.369807498706
4.00107200000001,8121.8274111674
4.016397000000011,8138.351983725497
4.019923000000011,9768.009768010923
4.026991000000011,8163.265306120758
4.028925000000012,9950.248756213075
4.029270000000012,8639.308855285526
4.029729000000012,8565.310492497296
4.0301960000000125,8342.022940555951
4.030663000000013,8008.008008006452
4.034844000000013,8105.369807502353
4.038467000000012,8281.573498964612
4.038981000000012,9122.006841504957
4.040962000000012,8105.369807495059
4.042646000000012,8602.150537631454
4.043576000000012,8501.594048883437
4.044057000000012,8978.675645340325
4.044517000000012,10680.907877171147
4.044948000000012,11730.205278587327
4.045266000000012,11799.41002948769
4.0456300000000125,13201.320132006045
4.045944000000013,10217.113665386914
4.046236000000013,8686.21064060851
4.046727000000013,8771.929824565445
4.047157000000013,9708.737864081042
4.047639000000013,10695.187165778992
4.048994000000012,8421.052631582827
4.049457000000012,8290.155440415516
4.0499440000000115,10376.134889749539
4.050422000000012,11095.700416082367
4.050715000000012,9060.022650056962
4.051143000000012,10062.893081770968
4.052639000000012,9080.590238359558
4.053125000000012,11267.605633806525
4.053520000000012,8016.0320641278195
4.054518000000012,13311.148086510995
4.054845000000013,14388.489208621577
4.055119000000013,11251.75808720261
4.055401000000013,8888.888888892061
4.055830000000013,9291.521486638638
4.057461000000013,8247.422680414978
4.057986000000013,9291.521486638638
4.058431000000013,9009.009009002251
4.058847000000013,9456.26477541232
4.059319000000014,13050.570962489603
4.0596930000000135,12678.288431074223
4.059932000000013,10498.687664042967
4.060324000000013,12012.012012015017
4.060694000000013,13071.895424849614
4.060990000000013,10840.10840108214
4.0613060000000125,10498.687664042967
4.061728000000013,8918.617614277151
4.065590000000012,10568.031704093455
4.065971000000012,10217.113665386914
4.066347000000012,8105.369807495059
4.066754000000012,8918.61761426832
4.067334000000012,11494.252873570058
4.067651000000012,9237.875288690353
4.070203000000012,8359.45663532174
4.071160000000011,8620.689655172044
4.071686000000011,9313.154831197278
4.0720880000000115,8724.10032715111
4.072545000000011,10139.41698352151
4.073005000000012,8333.33333333271
4.073965000000012,10471.204188478812
4.074399000000012,8394.543546694811
4.074729000000012,8213.552361394175
4.075352000000012,8928.57142857135
4.075703000000012,8316.008316012956
4.076248000000012,8196.7213114784
4.077224000000012,8528.784648190713
4.0777120000000115,10709.504685413904
4.078162000000011,12965.96434359617
4.078459000000011,12759.1706538953
4.0787790000000115,8350.73068892935
4.079737000000012,9132.420091325484
4.080313000000012,12698.41269841007
4.080613000000012,10012.51564455855
4.080943000000012,8648.648648652197
4.085744000000012,8620.689655180295
4.08790700000001,8958.566629334524
4.08830800000001,8298.75518671656
4.088800000000011,8733.624454147148
4.089272000000011,9546.539379476144
4.100330000000011,8639.308855293813
4.100805000000011,8230.45267489735
4.361604000000014,8639.308855293813
4.369506000000014,9122.006841504957
4.417972000000013,8639.308855293813
4.461293000000014,8171.603677221127
4.691447000000016,10296.010296006987
4.703779000000016,8537.8868729952
4.704144000000016,8290.155440415516
4.707365000000016,9852.216748770743
4.707828000000016,8474.576271189926
4.721470000000016,10652.463382154738
4.723769000000016,8648.648648652197
4.729973000000015,8620.689655172044
4.730574000000015,10958.904109577248
4.733445000000016,10075.566750630212
4.733777000000016,8714.596949895526
4.734239000000016,8403.361344539211
4.736527000000016,9039.548022596351
4.739631000000016,8830.0220750588
4.740024000000016,9592.326139096374
4.741715000000015,8859.357696566036
4.742312000000015,8040.201005020897
4.7445760000000154,8918.61761426832
4.745116000000015,10349.28848640881
4.745473000000016,8368.200836816573
4.747646000000016,8724.10032715956
4.748159000000015,9195.402298851353
4.7496410000000155,8908.685968825559
4.752922000000015,8105.369807495059
4.753589000000015,13513.513513510135
4.755350000000015,9356.725146203142
4.755903000000015,10610.079575601048
4.756205000000015,8438.818565399322
4.757712000000015,8791.208791206971
4.758374000000015,10989.010989016757
4.809009000000012,8316.008316005278
4.819153000000013,8032.12851405804
4.819794000000013,8988.76404494324
4.822538000000013,8658.008658005201
4.822972000000013,10025.062656635066
4.8234620000000135,9708.737864070577
4.825155000000014,8839.779005521172
4.826658000000014,9122.006841504957
4.831441000000015,10230.179028132201
4.835008000000015,9153.31807780742
4.835559000000015,11627.906976740063
4.835882000000015,9501.18764845094
4.912532000000015,8350.730688937092
5.011656000000012,8113.59026369773
5.0122060000000115,8658.008658013523
5.013130000000011,8639.308855293813
5.013727000000011,9259.259259259517
5.016295000000011,8080.808080802265
5.022705000000011,8724.10032715956
5.041608000000009,8492.569002129163
5.057252000000008,9987.51560549249
5.057745000000008,10389.610389608239
5.058053000000008,8752.735229760647
5.062951000000008,8290.155440415516
5.083654000000009,8519.701810438439
5.086200000000009,10204.081632660196
5.086523000000009,9937.888198761188
5.086984000000008,9768.009768010923
5.087803000000008,8447.729672650197
5.088349000000008,8898.776418238263
5.088750000000008,8238.928939231779
5.089248000000008,8714.596949887095
5.094199000000009,8163.265306120758
5.0959520000000085,10416.666666668296
5.096326000000008,8978.675645340325
5.0989070000000085,8376.96335079084
5.102285000000008,8648.648648643892
5.102928000000008,15355.086372361031
5.103210000000009,11627.906976755074
5.106011000000008,8064.516129031414
5.108751000000008,8008.008008006452
5.109277000000008,8316.008316005278
5.109750000000008,8298.755186724205
5.111990000000008,8316.008316012956
5.114500000000007,9060.022650056962
5.115027000000007,10752.688172041884
5.119017000000007,8676.789587851654
5.121002000000007,9080.590238359558
5.1278110000000074,8097.165991906565
5.260630000000007,10540.1844532224
5.290284000000009,8695.652173906446
5.290737000000009,8771.929824556903
5.296254000000009,8097.165991906565
5.296772000000009,8839.779005521172
5.315794000000009,8368.200836824348
5.326333000000008,8403.361344531371
5.3499360000000085,9888.751545124842
5.354551000000008,8869.179600887328
5.354985000000008,8016.0320641278195
5.370877000000007,8247.422680407426
5.3713940000000076,8510.638297872876
5.377095000000008,8188.331627432724
5.377719000000008,10540.184453234735
5.386050000000007,8528.784648182636
5.392904000000008,8056.394763348632
5.398986000000006,8556.14973261913
5.4144290000000055,8658.008658013523
5.417951000000005,8016.0320641278195
5.418491000000005,8629.989212514414
5.425276000000004,8898.776418238263
5.425703000000004,9696.969696971417
5.431657000000004,8988.76404494324
5.453327000000004,8676.789587851654
5.494286000000004,8724.10032715956
6.026665000000004,8968.609865476394
6.3532360000000025,8307.372793357526
6.361877000000003,8421.052631582827
6.362554000000003,13400.335008376136
6.362827000000003,8281.573498964612
6.371597000000004,8213.552361401666
6.404542000000003,8359.45663532174
6.443694000000004,8188.331627432724
6.484342000000005,8205.128205124904
6.709844000000005,8859.357696574749
6.717060000000004,11019.283746553037
6.728672000000004,8438.818565399322
6.729620000000004,8676.789587851654
6.7300860000000045,8492.569002121156
6.766237000000006,10075.566750630212
6.775563000000006,8080.808080809515
6.840904000000004,14897.57914337661
6.841140000000004,10000.0000000011
6.846417000000003,8179.95910020514
6.863865000000002,8324.66181061211
7.003831000000002,9122.006841504957
7.004407000000001,15180.265654650564
7.004708000000002,12759.170653913374
7.005937000000001,10217.113665386914
7.006393000000001,12288.786482327296
7.006720000000001,10796.221322542086
7.007044000000001,10652.463382167336
7.007461000000001,11004.126547463196
7.007795000000001,9720.534629409647
7.0081880000000005,9313.154831206908
7.008618,9852.216748770743
7.010165,8762.322015336755
7.0106459999999995,10943.912448699853
7.0110779999999995,9744.214372714032
7.0113769999999995,9216.589861745471
7.011899,10126.58227847729
7.012245,11799.410029503148
7.012689,16771.488469599542
7.012923,16666.66666665
7.013166,15325.670498080373
7.013403,13559.32203390133
7.013688,14134.2756183729
7.013993,14869.888475844575
7.014254,13311.148086530666
7.014531,10958.904109590581
7.014855,11157.601115762342
7.015261,13605.442176880262
7.015572,13422.818791950387
7.015848999999999,14981.273408238734
7.0161679999999995,14492.753623191402
7.016382999999999,13513.513513510135
7.016719999999999,11594.202898541927
7.0169749999999995,9501.18764845094
7.01741,10230.179028132201
7.017817,13605.442176880262
7.018192,15037.593984969335
7.018405,12012.012012015017
7.018724,13937.282229979524
7.019070999999999,15473.88781433027
7.019297999999999,11627.906976755074
7.019587999999999,10540.184453234735
7.0199859999999985,13008.13008130483
7.020346999999998,14466.54611211506
7.020600999999998,12820.512820509122
7.020899999999998,11315.417256007551
7.0212249999999985,11347.517730497168
7.021606999999999,13698.630136988228
7.0219299999999985,15151.515151512742
7.0221909999999985,14440.433212992077
7.0224579999999985,13605.442176859711
7.022744999999999,9237.875288680878
7.023045999999999,10050.251256278365
7.023610999999999,13698.630136988228
7.023841999999999,12738.853503187738
7.024194999999999,16194.331983784014
7.024469999999999,13745.704467341517
7.0246889999999995,13793.103448269989
7.025052,18223.23462414254
7.025269,17057.569296381425
7.025491,16985.13800424231
7.025738,17857.142857125
7.025962,15999.999999980446
7.026186,13311.148086510995
7.026462,14440.433212992077
7.026787000000001,17467.248908294296
7.027016000000001,14184.397163125926
7.027245000000001,14678.899082574311
7.02758,19230.769230749996
7.02779,18348.623853187986
7.027996000000001,12307.692307687357
7.028226000000001,11494.25287355539
7.028646000000001,12759.1706538953
7.0289220000000014,12461.059190030543
7.029273000000002,12121.212121214272
7.0295640000000015,12658.227848093054
7.0299330000000015,13223.140495863643
7.030196000000002,13816.92573402162
7.030538000000002,15296.367112802716
7.030775000000002,15873.015873006992
7.031061000000002,18518.518518519035
7.031279000000002,12232.415902141936
7.031493000000002,12213.740458013921
7.031933000000002,13559.32203390133
7.032148000000002,10540.1844532224
7.032523000000002,13513.513513510135
7.0329070000000025,18518.518518519035
7.033115000000002,13864.818024267573
7.0333390000000025,13289.03654485559
7.033692000000002,15841.584158402611
7.033941000000002,12698.41269841007
7.0341970000000025,9259.259259259517
7.0350610000000025,8676.789587851654
7.035648000000003,15009.380863042366
7.0359830000000025,16260.162601613423
7.036181000000003,15810.276679824352
7.036475000000003,19230.769230749996
7.036687000000003,14285.714285711327
7.036891000000003,13722.126929679322
7.037247000000003,13201.320132025394
7.037474000000003,9937.888198761188
7.037853000000003,11157.601115762342
7.038279000000003,12345.679012346023
7.038570000000003,12307.692307687357
7.038927000000003,13050.570962470692
7.039220000000003,11527.377521610602
7.039540000000003,9070.294784582275
7.039914000000003,11019.283746553037
7.040422000000003,17391.304347812893
7.040640000000003,16161.61616161903
7.040882000000003,17241.379310344088
7.041135000000003,18140.58956914628
7.041346000000003,16427.10472277337
7.041576000000004,14285.714285711327
7.041833000000004,14787.43068391526
7.042136000000004,15180.26565462498
7.042374000000004,14209.591474231605
7.042663000000005,13179.571663910756
7.042937000000005,12251.148545163338
7.043270000000005,13157.894736828946
7.043590000000005,15503.875968986751
7.043878000000006,17021.276595745752
7.0441060000000055,15810.276679852102
7.044348000000006,16632.016632025912
7.044612000000005,17278.617710587627
7.044829000000005,17738.359201774656
7.045075000000005,17057.569296381425
7.045280000000005,16129.032258091709
7.045544000000005,16985.13800427434
7.0457760000000045,18306.63615561484
7.046015000000004,18433.179723490943
7.046213000000004,13559.32203390133
7.046449000000004,14388.489208644562
7.046803000000004,18912.529550844498
7.047005000000004,13400.335008376136
7.047226000000004,12232.415902141936
7.047602000000004,13266.998341627206
7.047880000000004,15325.670498080373
7.048205000000004,16736.401673633147
7.048402000000004,13793.103448269989
7.048683000000004,15533.980582522969
7.048982000000004,19559.902200473418
7.049198000000004,16427.10472277337
7.049391000000004,15904.57256460783
7.049685000000005,15686.27450979677
7.0498940000000045,11994.002998501232
7.050195000000005,10884.353741500921
7.0505610000000045,10899.182561301122
7.050930000000005,13628.62010220682
7.051295000000005,17543.85964913089
7.051517000000005,13377.92642140248
7.051751000000005,13745.704467341517
7.052115000000005,16701.4613778587
7.052333000000005,13468.013468003775
7.052594000000005,12965.96434359617
7.052927000000006,17130.620985027173
7.0532110000000054,16293.279022395252
7.053394000000005,15564.20233460638
7.053702000000006,18475.750577361756
7.053908000000006,17937.21973093493
7.054135000000006,19417.475728120222
7.054354000000006,14035.087719282843
7.054547000000007,13559.32203390133
7.054924000000007,19002.37529694197
7.055137000000006,15037.593984969335
7.055345000000006,12944.98381876542
7.055669000000006,13864.818024267573
7.055963000000006,13913.043478271804
7.056246000000006,13840.83044982777
7.056538000000006,15325.670498080373
7.056824000000006,19370.460048426306
7.057060000000006,14842.300556590535
7.057237000000006,13008.13008130483
7.057599000000006,17857.1428571604
7.057852000000006,20512.820512849634
7.0580470000000055,19277.108433763366
7.058242000000005,16326.530612241517
7.058462000000005,13888.888888874999
7.058732000000005,16985.13800424231
7.0590380000000055,14260.2495543607
7.0592030000000054,11299.435028242602
7.059599000000006,14625.228519193603
7.059911000000006,15065.913371009037
7.060146000000006,14625.22851921735
7.060442000000005,17582.417582431102
7.060693000000005,17817.371937651118
7.060897000000005,14440.433213015227
7.061142000000005,15779.09270217544
7.061451000000004,19417.475728162084
7.0616490000000045,16985.13800424231
7.061863000000004,17543.859649096717
7.062120000000005,20779.220779192507
7.062319000000005,17505.470459521293
7.062505000000005,16494.84536084506
7.062776000000005,18912.529550844498
7.0629900000000045,17777.777777784122
7.0631990000000044,17817.371937651118
7.063440000000004,18223.23462414254
7.063648000000004,17857.142857125
7.0638790000000045,16985.13800424231
7.064096000000005,16494.845360814852
7.064350000000005,16393.442622926967
7.064581000000005,15624.999999984373
7.064838000000005,16064.257028101756
7.065093000000005,17817.371937615873
7.065336000000006,19370.460048426306
7.065542000000006,18223.234624179408
7.065749000000006,18306.63615561484
7.065981000000005,16161.61616161903
7.066186000000005,12718.60095389526
7.066476000000005,13722.126929658416
7.066815000000005,16494.845360814852
7.067059000000006,16528.925619829555
7.067300000000006,15037.59398494423
7.067543000000006,16129.032258062827
7.067832000000006,17130.620985027173
7.068039000000006,17130.620985027173
7.068299000000006,19047.619047655382
7.0685060000000055,19230.76923079106
7.068719000000005,19230.76923079106
7.068922000000005,19753.086419764466
7.069135000000005,13675.213675212326
7.069327000000005,10666.666666666262
7.069720000000005,13445.378151247685
7.070077000000005,15810.276679824352
7.070315000000005,16227.180527366225
7.070583000000005,16528.925619829555
7.070808000000006,17621.145374468342
7.0710670000000055,19559.902200515895
7.071262000000005,19559.902200515895
7.071476000000005,19047.619047615102
7.071671000000005,18475.750577361756
7.071896000000005,18867.92452831266
7.072104000000005,21333.333333332524
7.072320000000005,20565.552699218497
7.072479000000005,17021.276595745752
7.072709000000005,15444.015444028135
7.072949000000005,15533.980582522969
7.073227000000005,18223.23462414254
7.073464000000005,17167.381974270615
7.073666000000005,15810.276679852102
7.073930000000004,16494.845360814852
7.074172000000004,16032.06412824137
7.074415000000005,17467.248908294296
7.074671000000005,17241.379310344088
7.074873000000005,14234.87544482984
7.075135000000005,13266.998341627206
7.075435000000005,15414.258188833153
7.075738000000005,13289.03654485559
7.075954000000005,10484.927916119626
7.0763400000000045,13582.34295414537
7.076717000000005,20151.133501237884
7.076929000000005,18912.529550804786
7.077114000000005,17353.579175686587
7.077352000000006,16806.722689078422
7.077575000000006,15717.092337914622
7.077828000000006,16563.146997929223
7.078084000000006,13289.03654485559
7.078311000000006,12232.415902141936
7.078686000000006,15473.887814303685
7.0789650000000055,14705.88235292647
7.079203000000006,13223.140495863643
7.079509000000006,13136.288998360991
7.079808000000006,9367.681498834894
7.080118000000006,11510.79136691565
7.080662000000006,18181.818181809173
7.080813000000005,14760.147601468812
7.081102000000006,16129.032258062827
7.081355000000006,13513.513513510135
7.081598000000006,14545.454545464956
7.081947000000006,14869.888475844575
7.082148000000005,10854.816824966261
7.0824850000000055,10101.010101014159
7.082885000000005,10178.117048349535
7.083277000000005,12213.740458013921
7.083671000000005,14869.888475844575
7.083932000000005,13559.32203390133
7.084209000000005,13179.571663910756
7.084522000000005,13513.513513510135
7.084816000000005,11444.921316165866
7.085515000000005,8121.8274111674
7.086124000000005,12779.552715645572
7.086500000000005,11004.126547449752
7.086750000000006,8072.653884964974
7.087227000000006,10568.031704093455
7.087741000000006,13605.442176859711
7.089309000000006,9216.589861745471
7.0898380000000065,9523.809523807551
7.090177000000007,8918.61761426832
7.092264000000007,9864.364981508292
7.092778000000007,12598.425196851562
7.108763000000009,9101.251422067468
7.109303000000009,10796.221322529145
7.109642000000009,9422.85041224367
7.110044000000009,10709.50468540117
7.110491000000009,11049.723756906888
7.11079100000001,8307.372793357526
7.111215000000009,9445.100354188316
7.111754000000009,14388.489208621577
7.11206200000001,11922.503725788738
7.11231000000001,10204.081632660196
7.112733000000009,10709.504685413904
7.113094000000009,11111.11111112056
7.113480000000009,12500.000000004846
7.1138140000000085,13071.895424830642
7.114120000000009,13582.34295416585
7.114426000000009,11887.0728083223
7.114709000000008,11544.011544010633
7.115099000000009,13008.13008130483
7.115402000000008,13559.32203390133
7.1157140000000085,13311.148086530666
7.115992000000008,13745.704467362493
7.116315000000008,14362.657091569761
7.116574000000008,10062.893081759725
7.116872000000008,9803.921568622982
7.117369000000008,12903.22580644102
7.117688000000008,13093.289689031386
7.117989000000009,11019.283746553037
7.118299000000008,8421.052631574954
7.118715000000009,8163.265306120758
7.119249000000009,10430.247718386845
7.119695000000009,11299.435028256778
7.120016000000009,12195.121951215571
7.1204030000000085,12698.41269841007
7.120672000000009,11331.444759205267
7.121033000000009,10269.57637996735
7.121378000000009,10075.566750630212
7.121812000000009,10362.694300524165
7.122172000000009,12779.552715663704
7.122584000000009,16129.032258062827
7.122798000000008,11611.03047894854
7.123080000000009,12441.679626746298
7.123487000000009,15624.999999984373
7.123723000000009,14571.94899816909
7.123999000000009,15414.258188833153
7.124272000000009,16632.016632025912
7.124518000000009,19002.37529690188
7.124753000000009,8928.57142857135
7.124939000000009,8483.56309650528
7.125649000000009,17130.620985027173
7.125882000000009,13605.442176880262
7.1261160000000086,12861.736334407204
7.126470000000008,11080.332409963774
7.1267380000000085,10943.912448699853
7.127192000000009,13050.570962489603
7.1274690000000085,12383.900928798275
7.127805000000008,12903.225806459504
7.128115000000008,14545.454545464956
7.128425000000008,14953.271028032514
7.128665000000008,15151.515151512742
7.128960000000008,19047.619047615102
7.129193000000008,15180.265654650564
7.129380000000008,9122.006841514196
7.129720000000008,8324.661810619804
7.130257000000007,10362.694300524165
7.130681000000007,13468.013468023913
7.131029000000007,15180.265654650564
7.131275000000007,17278.617710587627
7.131556000000007,19753.086419764466
7.131738000000007,17777.777777784122
7.131961000000007,15748.031496064452
7.132188000000006,13864.818024267573
7.132469000000007,12403.10077520221
7.132765000000006,12012.012012015017
7.133114000000006,15180.265654650564
7.133431000000006,14842.300556590535
7.133641000000006,11347.517730497168
7.133970000000006,13400.335008376136
7.134346000000006,18018.018018022525
7.134567000000006,16427.10472280333
7.134790000000006,15533.980582549759
7.135054000000006,15594.541910338568
7.135305000000005,17241.379310344088
7.135567000000005,13245.033112581708
7.135769000000005,13355.592654418728
7.136171000000005,16032.064128269907
7.136368000000005,13651.877133121894
7.136670000000005,12718.60095389526
7.136954000000005,10025.062656635066
7.137299000000005,11887.0728083223
7.137752000000005,18561.48491880004
7.137972000000005,13422.818791950387
7.138183000000005,13888.888888896416
7.138568000000005,17278.617710587627
7.138759000000005,13093.289689031386
7.139031000000005,11412.26818829779
7.139370000000005,11611.03047894854
7.139732000000005,14285.714285711327
7.140059000000005,16632.016632025912
7.140292000000005,15968.063872259867
7.140540000000005,16949.152542363903
7.140793000000005,18867.924528273135
7.141012000000005,15209.125475290826
7.1412170000000055,14209.591474254023
7.141538000000005,15180.265654650564
7.141780000000005,16194.33198381313
7.142065000000005,15209.125475290826
7.142274000000005,13628.62010220682
7.142591000000005,15717.092337914622
7.142861000000005,18181.818181845876
7.143100000000005,16293.279022424726
7.143301000000005,15503.875969013437
7.143591000000004,12558.869701740005
7.143817000000004,12383.900928798275
7.144228000000004,15444.015444028135
7.144463000000004,12800.000000011642
7.144746000000003,10349.2884864207
7.145088000000003,12422.360248458339
7.145519000000003,13223.140495883057
7.145732000000002,11019.283746566518
7.146124000000002,10204.081632660196
7.146458000000002,11065.006915632273
7.146908000000002,14260.2495543607
7.147181000000002,16096.579476854957
7.147469000000002,16032.064128269907
7.147678000000002,14414.414414429555
7.147968000000001,14925.373134344347
7.148233000000001,16563.146997929223
7.148504000000001,19002.37529690188
7.148716000000001,17278.617710587627
7.148925000000001,17057.569296381425
7.149179000000001,17582.417582431102
7.149394000000001,18348.623853225366
7.149634000000001,16393.4426229568
7.149830000000001,16528.925619829555
7.1501220000000005,17505.470459521293
7.150314000000001,14705.882352950479
7.1505790000000005,16129.032258062827
7.150858,16494.845360814852
7.1510750000000005,15748.031496064452
7.151343000000001,15238.095238104972
7.1515830000000005,15717.092337914622
7.151868,18912.529550804786
7.152092000000001,19093.078758952288
7.152291000000001,18181.818181845876
7.1525110000000005,15473.88781433027
7.152731,14010.507880913698
7.153028,15624.999999984373
7.153302,17660.04415010029
7.1535400000000005,20151.133501282966
7.153755,20202.02020205097
7.153937,17316.017316027046
7.154151,15686.27450979677
7.154399,15065.913370983837
7.154661,14414.414414406487
7.15493,13355.592654418728
7.155216,15564.202334633275
7.1555290000000005,16260.162601642778
7.15573,12176.560121775543
7.156021,13333.33333334467
7.156387,18348.623853225366
7.1566209999999995,16460.90534980974
7.156822999999999,16842.105263165653
7.157106999999999,17316.017316027046
7.157297999999999,15779.09270217544
7.157568999999999,16842.105263165653
7.157804999999999,12841.091492776057
7.1580439999999985,12861.736334388837
7.158427999999999,16806.722689047063
7.158665999999999,13698.630136967393
7.158904,11594.202898541927
7.15925,14571.94899816909
7.159594,17057.569296381425
7.1597990000000005,14787.430683939538
7.160063,13050.570962489603
7.16034,14414.414414406487
7.160676,16393.442622926967
7.160895,14466.54611211506
7.161164,14414.414414429555
7.161448,14388.489208644562
7.161719,16161.61616161903
7.162004,12383.900928798275
7.162214,13245.033112581708
7.162649999999999,19323.671497578172
7.162818,14625.228519193603
7.163063999999999,15717.092337914622
7.163365,19801.98019803809
7.1635729999999995,17699.115044243128
7.163768999999999,16842.105263134163
7.164025,16494.845360814852
7.164244,13355.592654418728
7.16451,15267.17557250705
7.164843,16427.10472280333
7.165034,14897.57914340125
7.16533,17977.52808988648
7.165571,18867.92452831266
7.165775,17241.379310344088
7.165995,15779.092702147798
7.166239,12987.012987014043
7.166502,12422.360248458339
7.166855,14388.489208644562
7.167146,16460.90534980974
7.1674109999999995,19417.475728162084
7.167631999999999,17505.470459521293
7.167822999999999,13888.888888896416
7.168088999999999,15414.258188833153
7.168398999999999,18475.750577361756
7.168607999999999,17897.091722582736
7.168831999999999,11204.481792711978
7.169054999999999,11976.047904189592
7.1695459999999995,17621.145374468342
7.169722999999999,15717.092337942047
7.169999999999999,15473.88781433027
7.170231999999999,15968.063872259867
7.1705169999999985,17777.777777784122
7.1707329999999985,17467.248908294296
7.170966999999998,14466.54611211506
7.1711909999999985,13769.363166965411
7.171519999999998,15009.380863042366
7.171771999999998,13513.513513510135
7.172052999999998,14134.2756183729
7.172363999999998,17977.52808988648
7.172618999999998,20304.5685279185
7.172808999999998,19047.619047615102
7.173012999999998,18433.179723490943
7.173228999999998,15296.367112802716
7.173446999999999,13536.379018612333
7.173751999999999,11428.571428569063
7.174037999999999,11251.75808720261
7.174451999999999,12578.616352199657
7.1747489999999985,11764.7058823527
7.175087999999999,14842.300556590535
7.1754289999999985,18348.623853187986
7.175626999999999,13888.888888874999
7.175864999999999,13223.140495863643
7.176202999999999,11782.032400591286
7.176469999999999,10989.010989016757
7.176881999999999,11994.002998501232
7.177197999999999,13888.888888874999
7.177548999999999,15384.61538459343
7.177773999999999,13864.818024246231
7.178069,10269.57637996735
7.178351,10050.251256278365
7.178848,14134.2756183729
7.179147,10989.010989016757
7.179414,10752.68817205472
7.179875,12658.227848110842
7.180158,11644.83260552953
7.1805069999999995,11816.838995560258
7.180845,12944.98381876542
7.181184,11644.83260552953
7.182698,9557.945041818812
7.186388,8938.547486034837
7.187838999999999,8113.590263690421
7.188308999999999,8238.928939239315
7.190123999999999,8602.150537631454
7.190568999999999,8762.322015328231
7.191053999999999,9216.589861745471
7.191482,8629.989212514414
7.2030069999999995,11004.126547449752
7.203338,10624.16998671347
7.203734,10526.315789466233
7.205117,8179.959100197711
7.205711000000001,12799.999999993452
7.206095000000001,14285.714285711327
7.207451000000002,11396.011396018923
7.2078440000000015,10973.936899866474
7.208153000000001,10869.56521739355
7.208573000000001,14787.43068391526
7.208889000000001,11695.906432738739
7.209114000000001,8648.648648643892
7.209573000000002,9592.326139086159
7.210039000000002,10113.780025290305
7.210407000000002,9650.180940898175
7.210830000000001,11235.955056179051
7.211236000000001,9937.888198761188
7.2115420000000015,9626.955475333196
7.212041000000001,14652.014652016385
7.212373000000001,13722.126929679322
7.212587000000001,12102.874432677345
7.212956000000001,14545.454545464956
7.213248000000001,14732.965009221232
7.213506000000001,9876.543209882233
7.2137910000000005,9900.990099019045
7.214316,14134.275618395079
7.214599,15473.88781433027
7.214881999999999,16701.461377889667
7.215115999999999,8791.208791215551
7.2160259999999985,9791.921664631194
7.216397999999998,10309.278350514003
7.216842999999998,10526.315789478534
7.217173999999998,12383.900928798275
7.217602999999998,16293.279022395252
7.217819999999998,13333.333333324934
7.218093999999998,13093.289689031386
7.218419999999998,15533.980582522969
7.218704999999998,14059.753954293796
7.218934999999998,8574.49088959664
7.219273999999999,9132.420091316226
7.219867999999999,13266.998341627206
7.220149999999999,14545.454545464956
7.220470999999999,15009.380863042366
7.220699999999999,12539.184952988428
7.221003999999999,14209.591474254023
7.2213379999999985,13913.043478250313
7.2215669999999985,12232.415902125324
7.221912999999999,14625.228519193603
7.222220999999999,12759.170653913374
7.222459999999999,12944.98381876542
7.222847999999999,18867.92452831266
7.223077999999999,16666.666666680838
7.223271999999999,13986.013986013571
7.223557999999999,11730.205278587327
7.223843999999999,12558.869701722493
7.224239999999999,17429.19389977419
7.224480999999999,15810.276679824352
7.224698999999999,12718.60095389526
7.224987,11204.481792725917
7.225327999999999,13840.83044982777
7.225700999999999,13840.83044982777
7.225905999999999,9756.097560975099
7.226278999999999,9280.742459390458
7.226725999999999,10178.117048338034
7.227141,9313.154831197278
7.227512,9779.951100247328
7.228,13400.335008376136
7.22833,12084.59214501214
7.228597,12558.869701722493
7.228992,15968.063872259867
7.229234,13722.126929679322
7.229493,11799.410029503148
7.229817,12441.679626746298
7.2301709999999995,13355.592654418728
7.23046,13745.704467362493
7.23077,13136.288998360991
7.2310419999999995,12598.425196851562
7.231379,11560.693641619919
7.2316769999999995,13071.895424830642
7.2320709999999995,15094.339622631156
7.232289,14678.899082574311
7.232601,13223.140495883057
7.2328339999999995,12965.964343614834
7.233205999999999,16877.63713081446
7.233450999999999,14981.273408238734
7.233679999999999,13793.103448269989
7.233984999999999,15810.276679824352
7.234259999999999,14814.814814815229
7.234490999999999,17278.617710587627
7.234799999999999,14414.414414406487
7.234953999999999,9090.909090904586
7.235354999999999,11080.332409963774
7.235834,12882.4476650429
7.236077,13157.894736828946
7.236455,17094.017093995943
7.2366850000000005,16096.579476854957
7.236923000000001,15065.913371009037
7.237182000000001,14260.2495543607
7.2374540000000005,14492.753623168082
7.237743000000001,15122.873345929333
7.238006000000001,12195.121951215571
7.238272000000001,9080.590238359558
7.2386620000000015,8988.76404494324
7.239153000000002,13050.570962489603
7.2395520000000015,18604.651162803315
7.239766000000001,17316.017316027046
7.239982000000001,14814.814814815229
7.240228000000001,14897.57914337661
7.240522000000001,17057.569296381425
7.2407650000000015,13513.51351353041
7.240991000000001,13136.288998360991
7.241357000000001,12213.740458013921
7.241600000000001,11080.332409977404
7.242012000000001,13628.620102227442
7.242322000000001,16771.488469599542
7.242599,14336.917562705397
7.242799000000001,11428.571428569063
7.243157000000001,13029.315960919048
7.243499000000001,13675.213675212326
7.243771000000001,13355.592654418728
7.244084000000001,13698.630136988228
7.244370000000001,16064.257028101756
7.244668000000001,19230.769230749996
7.244868000000001,18475.750577361756
7.245084000000001,12678.288431056377
7.245301000000001,11958.146487289952
7.2457150000000015,14234.87544482984
7.245970000000002,13840.83044982777
7.246277000000002,13245.033112581708
7.2465480000000015,13513.513513510135
7.246881000000002,16949.152542395797
7.247140000000002,20356.23409669907
7.247353000000001,18181.818181809173
7.247533000000002,16842.105263165653
7.2477930000000015,13468.013468023913
7.248008000000001,11994.002998501232
7.248387000000001,12461.059190030543
7.248675000000001,11994.002998501232
7.249029000000001,13468.013468003775
7.249342000000001,13490.725126469002
7.2496230000000015,14209.591474254023
7.249935000000002,15564.202334633275
7.250186000000001,13605.442176859711
7.2504490000000015,12558.869701722493
7.250774000000002,14598.540145979674
7.251086000000002,19512.195121929064
7.251322000000002,16227.180527366225
7.251496000000002,15841.584158402611
7.251815000000002,13816.92573402162
7.252001000000003,12944.98381876542
7.2523940000000024,14652.014652016385
7.252619000000003,13651.877133121894
7.252940000000002,16632.016632025912
7.253205000000002,15414.258188833153
7.253421000000002,14059.753954315742
7.253724000000002,17057.569296381425
7.253990000000002,19512.195121971334
7.254193000000002,17278.617710587627
7.254400000000001,16161.61616161903
7.2546560000000015,17977.52808988648
7.254895000000001,16227.180527366225
7.255101000000002,13913.043478250313
7.255388000000002,14492.753623191402
7.255676000000002,10526.315789478534
7.255940000000002,9400.705052879683
7.256436000000002,12658.227848110842
7.2567910000000015,14234.875444852336
7.257068000000001,10376.134889749539
7.257353000000001,11111.111111106853
7.2578390000000015,15686.27450979677
7.258073000000001,15094.339622631156
7.258349000000002,13029.315960919048
7.258603000000002,12232.415902141936
7.258963000000001,15444.015444001654
7.259257000000002,17777.777777784122
7.259481000000002,18140.589569182815
7.2597070000000015,20460.35805628764
7.259922000000001,18957.345971587416
7.260098000000001,14732.965009221232
7.260344000000001,15444.015444028135
7.260641000000001,18140.589569182815
7.260862,18306.63615561484
7.261082,14598.540145979674
7.261299,12326.656394450692
7.26163,12539.18495297097
7.261948,13745.704467341517
7.262268000000001,15841.584158402611
7.262530000000001,14010.507880913698
7.262773000000001,14981.273408238734
7.263101000000001,19656.019656017423
7.263307000000001,12326.656394467562
7.263508000000001,11713.030746713512
7.263956,17241.379310344088
7.264191,14285.714285711327
7.26442,13628.62010220682
7.264751,17094.017093995943
7.265007000000001,17505.470459521293
7.265219000000001,12176.560121775543
7.265464000000001,8762.322015336755
7.2658760000000004,9569.37799043503
7.266377,11204.481792725917
7.266712,13136.288998360991
7.267091,9950.248756213075
7.267321,9280.742459390458
7.267895,12403.10077518513
7.269272000000001,13311.148086530666
7.269634000000001,12861.736334407204
7.2698730000000005,8230.45267489735
7.271937,8146.639511197626
7.272607000000001,11577.424023158615
7.272919000000001,8196.7213114784
7.298439,9744.214372724573
7.302129,9367.681498834894
7.302982999999999,8447.729672650197
7.303602,10973.936899866474
7.303929999999999,12539.18495297097
7.3043309999999995,14981.273408238734
7.304568,11428.571428569063
7.3048649999999995,10540.1844532224
7.305268,8438.818565399322
7.306216,11034.48275861937
7.306635,13377.92642140248
7.306941,11142.061281337103
7.307233,8316.008316005278
7.307659,9720.534629399157
7.308195,13628.62010220682
7.308482000000001,10738.255033553909
7.308782000000001,9779.951100247328
7.309227000000001,12048.192771092434
7.3096000000000005,15122.873345929333
7.309891,16597.510373417826
7.310129000000001,15238.095238079193
7.310373000000001,13913.043478250313
7.310654000000001,12441.679626746298
7.310948000000002,13913.043478271804
7.3112970000000015,17660.044150134912
7.311523000000001,16913.319238918455
7.311750000000001,14571.948998192665
7.311996000000001,12944.983818784023
7.312299,13400.335008376136
7.312614,9378.663540443125
7.312896,8908.685968816748
7.313467,13311.148086510995
7.313794000000001,16032.06412824137
7.314068000000001,14981.273408238734
7.314293000000001,13628.620102227442
7.314602000000001,15936.254980079604
7.3148800000000005,14787.43068391526
7.315104000000001,12903.225806459504
7.315421000000001,13675.213675212326
7.315724,11019.283746553037
7.316006000000001,9501.187648460962
7.316450000000001,12461.059190030543
7.316848,12658.227848093054
7.317092000000001,10840.10840108214
7.317480000000001,10362.694300512241
7.317830000000001,12251.148545163338
7.318252000000001,13913.043478250313
7.318483000000001,10443.864229758352
7.3188270000000015,9523.809523807551
7.319249000000002,9744.214372714032
7.319667000000002,9422.85041224367
7.320070000000002,8273.009307134083
7.320516000000002,8781.55872667082
7.321037000000002,12944.98381876542
7.321427000000003,14466.54611211506
7.3216550000000025,14414.414414406487
7.321980000000003,17738.359201774656
7.322210000000003,15238.095238104972
7.322431000000003,12251.14854518
7.322735000000002,8611.410118405223
7.323084000000002,8024.072216650637
7.323664000000003,12558.869701740005
7.324081000000002,14311.270125224224
7.324301000000002,12779.552715645572
7.324640000000002,11034.48275861937
7.324927000000002,12539.18495297097
7.325365000000002,14285.714285711327
7.325565000000003,9389.671361501521
7.3259250000000025,8733.624454147148
7.326417000000003,8820.286659318674
7.326841000000003,10389.610389608239
7.327324000000003,9535.160905839897
7.328163000000003,10000.0000000011
7.328646000000003,14925.373134319614
7.328963000000003,17353.579175686587
7.329182000000003,15968.063872259867
7.329424000000003,11644.83260552953
7.329683000000003,12441.679626746298
7.330111000000003,13769.363166965411
7.330326000000003,13605.442176880262
7.330692000000003,15625.000000011478
7.330914000000003,13628.620102227442
7.331204000000002,12759.170653913374
7.332690000000002,17621.145374468342
7.332917000000002,16194.33198381313
7.333144000000002,16161.61616161903
7.333411000000002,15904.57256460783
7.333639000000002,13311.148086510995
7.333914000000002,12698.41269841007
7.334240000000002,15533.980582522969
7.334544000000002,17897.091722582736
7.334755000000002,13628.62010220682
7.334991000000002,13223.140495863643
7.3353420000000025,18433.179723490943
7.3355960000000024,16985.13800424231
7.335776000000003,14953.271028032514
7.336067000000003,15564.20233460638
7.336311000000003,12698.41269841007
7.336581000000003,12558.869701740005
7.336941000000003,12738.853503187738
7.337218000000003,14059.753954293796
7.337569000000003,17353.579175686587
7.337787000000003,15841.584158402611
7.338030000000003,16096.579476854957
7.338292000000004,17660.04415010029
7.338527000000004,17897.091722582736
7.338745000000004,18223.23462414254
7.338974000000004,17021.276595745752
7.339184000000004,14953.271028032514
7.339444000000004,17057.569296381425
7.339719000000004,18779.3427230422
7.339913000000004,13266.998341627206
7.340145000000003,14109.347442675644
7.340516000000004,14260.2495543607
7.3407120000000035,13093.289689031386
7.341077000000004,15473.88781433027
7.341323000000004,12861.736334407204
7.341594000000003,12383.90092878125
7.3419450000000035,12618.29652995473
7.342240000000004,12403.10077518513
7.342579000000004,12403.10077518513
7.342885000000004,15267.17557250705
7.343224000000005,18475.750577361756
7.343409000000005,14440.433212992077
7.343657000000005,12882.447665061327
7.343963000000005,14760.147601493
7.3442780000000045,16393.4426229568
7.344505000000004,16771.488469599542
7.344766000000004,18561.48491880004
7.344982000000004,15936.254980079604
7.345197000000004,14159.292035400067
7.345484000000004,13513.513513510135
7.345762000000004,13986.013986013571
7.3460760000000045,14897.57914340125
7.346334000000004,16129.032258062827
7.346613000000004,11922.503725772956
7.346830000000004,9546.539379466025
7.347284000000005,10296.010296006987
7.347668000000005,11922.503725788738
7.348061000000005,14897.57914340125
7.348339000000005,13223.140495863643
7.348598000000004,13793.103448269989
7.348944000000005,17130.620985027173
7.349178000000005,17204.301075295767
7.349411000000004,15936.254980079604
7.349643000000004,14897.57914337661
7.349913000000004,17937.21973093493
7.350180000000004,14519.056261349702
7.3503590000000045,13400.335008376136
7.350731000000004,17094.017093995943
7.3509560000000045,16393.4426229568
7.351199000000005,17204.301075295767
7.351444000000004,15841.584158430473
7.351664000000004,15238.095238104972
7.351949000000004,17505.470459521293
7.352189000000004,14869.888475844575
7.352406000000004,14159.292035400067
7.352727000000003,16194.331983784014
7.352971000000004,16393.442622926967
7.353221000000004,17660.04415010029
7.353459000000004,14285.714285711327
7.353674000000004,12638.230647698343
7.3540190000000045,10767.160161508298
7.354307000000005,10989.010989016757
7.3547620000000045,12861.736334407204
7.355035000000004,11461.318051578142
7.355384000000004,10610.079575601048
7.355733000000004,12519.561815344063
7.356138000000004,15094.339622656451
7.356372000000004,14440.433213015227
7.3566680000000035,17021.276595745752
7.356926000000003,15904.57256460783
7.3571380000000035,12759.170653913374
7.357429000000003,12638.230647716076
7.357765000000003,15594.541910338568
7.358062000000003,14545.454545464956
7.358278000000003,10335.917312663763
7.358612000000003,10596.026490068483
7.359052000000003,14814.814814815229
7.359367000000002,16161.616161590031
7.359592000000003,13675.213675212326
7.359862000000003,11444.921316165866
7.360177000000003,10723.860589807193
7.360561000000003,8695.652173914841
7.360923000000003,8639.308855293813
7.363462000000003,11782.032400591286
7.363804000000003,11477.761836446412
7.364141000000003,8676.789587851654
7.436860000000004,16666.66666665
7.437053000000004,11283.497884335955
7.437340000000004,12638.230647698343
7.437762000000005,15065.913370983837
7.437973000000005,15444.015444001654
7.438293000000005,20304.5685279185
7.438491000000005,18867.92452831266
7.438687000000005,19801.98019803809
7.438915000000005,22598.870056513555
7.439091000000005,22471.910112358102
7.439269000000005,22471.910112358102
7.439447000000005,18518.518518519035
7.439625000000005,19559.902200473418
7.439879000000005,23952.095808347338
7.440034000000005,23880.59701494304
7.440213000000005,23952.09580841103
7.440369000000005,16326.530612241517
7.440547000000005,13333.333333324934
7.440859000000005,16949.152542363903
7.441147000000005,16194.33198381313
7.441331000000005,15444.015444028135
7.441641000000005,10191.082802553074
7.441849000000005,10152.28426395925
7.457774000000004,8230.45267489735
7.458397000000004,9302.32558139205
7.483136000000003,8350.730688937092
7.518452000000002,8024.072216643489
7.793078,8978.675645340325
7.802794,8032.128514050878
7.848849000000001,10781.67115903258
7.852067000000001,8412.197686648271
7.852530000000001,8447.729672650197
8.050622,8592.910848553905
8.069705,17777.777777749034
8.069873000000001,17937.21973093493
8.070155000000002,25157.232704399314
8.070319000000001,25974.025973990636
8.070473000000002,26229.508196644954
8.070627000000002,26315.789473696335
8.070778000000002,29629.629629776657
8.070931000000002,37558.685446241005
8.071048000000001,33898.30508485538
8.071144,19464.720194660596
8.071284,17977.52808992236
8.071555,22662.889518496067
8.071729,19093.07875899276
8.071907999999999,22160.664819954807
8.072147999999999,30418.25095053029
8.072268999999999,23668.639053180235
8.072410999999999,28571.428571422653
8.072607,32786.88524609263
8.072690999999999,20887.728459565144
8.072850999999998,26402.640263973393
8.073073999999998,27874.564459915917
8.073153999999999,28268.551236790157
8.073360999999998,24691.358024759735
8.073436999999998,24464.83180438355
8.073684999999998,39215.68627449193
8.073763999999997,21447.72117963992
8.073888999999998,18475.750577399653
8.074136999999997,24169.184289959427
8.074321999999997,25723.47266866748
8.074467999999998,25889.967637419213
8.074632999999999,21447.72117963992
8.074777,21276.595744722395
8.075005999999998,20253.16455700012
8.075152999999998,19184.65227823361
8.075400999999998,25641.02564109124
8.075569999999997,25806.451612992943
8.075712999999997,25477.70700641151
8.075879999999996,27118.64406784348
8.076026999999996,27210.884353719423
8.076174999999996,25477.707006267377
8.076320999999997,24024.02402393392
8.076488999999997,18099.547511255474
8.076653999999998,13468.013467983637
8.076930999999998,10204.081632637077
8.077247999999999,10204.081632637077
8.077715,10309.278350514003
8.155429000000002,8762.322015328231
8.166511000000003,10243.277848912692
8.167125000000004,17241.379310377088
8.167292000000003,22160.664819954807
8.167589000000003,40201.0050250686
8.167653000000003,33755.27426156566
8.167788000000003,33333.333333361676
8.167890000000003,38461.53846174635
8.168028000000003,45977.01149439758
8.168098000000002,46242.774566420325
8.168202000000003,56737.58865277176
8.168271000000003,57142.85714284531
8.168343000000002,57142.85714284531
8.168411000000003,55944.05594422802
8.168483000000002,56737.58865277176
8.168554000000002,55555.555556013984
8.168624000000001,55944.05594422802
8.168698000000001,55172.41379316444
8.168767,54794.520548286244
8.168843,54794.520548286244
8.168913,54421.768707438845
8.168989,54794.52054761957
8.16906,53691.27516764153
8.169135,54054.054054283835
8.169209,54054.054054283835
8.169283,53691.27516764153
8.169357,53333.333332826034
8.169432,53333.333332826034
8.169507000000001,53333.333332826034
8.169582000000002,52980.132450093115
8.169657000000003,52631.57894739267
8.169733000000003,52631.57894739267
8.169809000000003,52287.581699626106
8.169885000000003,51948.051948580476
8.169962000000002,51948.051948580476
8.170039000000001,51948.051948580476
8.170116,51612.90322598589
8.170193,51612.90322598589
8.170271,51282.05128247445
8.170347999999999,51282.05128247445
8.170426999999998,51282.05128247445
8.170503999999998,50955.41401282302
8.170582999999997,50632.91139215874
8.170660999999997,50632.91139215874
8.170740999999998,50632.91139215874
8.170818999999998,50314.46540879863
8.170898999999999,50314.46540879863
8.170977999999998,49999.99999967244
8.171057999999999,49689.4409936963
8.171138,49689.4409936963
8.171218999999999,49689.4409936963
8.171299,49382.71604951947
8.17138,49079.75460105255
8.171460999999999,48780.48780439997
8.171543,49079.75460105255
8.171625,48780.48780492833
8.171706,48484.8484845961
8.171789,48484.8484845961
8.171871000000001,47904.19161694945
8.171954000000001,47619.047619440564
8.172038,48192.77108430527
8.172122,48192.77108430527
8.172204,47337.27810660925
8.172288,47619.04761893706
8.172373,46783.62573101571
8.172456,46783.62573101571
8.172544,47337.27810660925
8.172627,41450.77720219203
8.172713,15094.339622656451
8.193675,8639.308855293813
8.194302,13157.894736848168
8.194601,9378.663540452892
8.372653000000001,8849.557522121564
8.402458000000001,8138.351983725497
8.431267,8547.008547014193
8.434868999999999,8342.022940563676
8.435372,8196.7213114784
8.438702,9445.100354188316
8.485794999999994,10666.666666666262
8.486381999999994,17505.47045948727
8.486544999999994,18099.547511328212
8.486838999999994,25316.455696221685
8.486986999999994,28368.79432620718
8.487154999999994,38095.23809539133
8.487268999999994,35555.555555778774
8.487364999999993,26315.789473696335
8.487493999999993,27303.754266119635
8.487668999999993,37383.17757014334
8.487786999999994,34482.75862088619
8.487882999999993,27210.884353719423
8.488018999999992,31249.999999968746
8.488176999999993,40609.137055837
8.488274999999993,21108.179419493135
8.488373999999993,16632.0166319952
8.488653999999993,12799.999999975262
8.499171999999994,8105.369807495059
8.512703999999994,8429.926238142656
8.513134999999995,8519.701810446499
8.525088999999994,8230.452674889828
8.620836999999998,9433.96226415633
8.628119999999997,8762.322015345278
8.752088999999994,8213.552361401666
8.762708999999994,8592.910848553905
8.763339999999994,11444.92131618041
8.773861999999992,9592.326139096374
8.776037999999991,8350.73068892935
8.776571999999991,11065.006915618682
8.776995999999992,8714.596949887095
8.808846999999991,8705.114254610891
8.809422999999992,9661.835748789086
8.809765999999993,8307.372793365188
8.847755999999993,8620.689655172044
8.868412999999993,8724.100327142662
8.893892999999993,34188.03418818653
8.894028999999993,37914.69194309503
8.894126999999992,34334.76394827946
8.894239999999993,37209.30232545292
8.894359999999994,42105.26315791414
8.894454999999994,37037.03703703807
8.894549999999994,36363.636363544945
8.894670999999994,41237.113401961615
8.894769999999994,32921.81069967964
8.894864999999994,32388.66396762626
8.895012999999993,40404.040403830084
8.895111999999994,41025.64102569927
8.895210999999994,40609.137055837
8.895306999999994,39603.96039572791
8.895407999999994,40404.040403830084
8.895508999999995,40201.0050250686
8.895605999999995,34934.49781645309
8.895707999999996,31496.062991908635
8.895834999999996,28880.866425937853
8.895961999999997,31872.509960102816
8.896111999999997,34934.49781645309
8.896212999999998,35087.71929826178
8.896340999999998,31746.03174606993
8.896440999999998,24169.184290089135
8.896592999999998,23952.095808474725
8.896771999999997,25641.02564109124
8.896926999999996,30651.340996160747
8.897083999999996,38277.51196174012
8.897187999999996,38647.342995239254
8.897292999999996,34632.034632120674
8.897394999999996,34042.553191491505
8.897523999999995,37383.17756983304
8.897629999999996,34188.034187927005
8.897737999999997,34334.76394854123
8.897863999999997,38095.23809539133
8.897970999999997,37735.84905670437
8.898073999999996,37914.69194309503
8.898182999999996,38461.53846141788
8.898284999999996,37735.84905638818
8.898390999999997,37558.68544592778
8.898496999999997,37735.84905670437
8.898603999999997,37735.84905670437
8.898708999999997,37914.69194309503
8.898815999999997,37558.68544592778
8.898919999999997,37209.30232545292
8.899028999999997,38095.238095069086
8.899134999999998,37914.69194309503
8.899238999999998,37037.03703703807
8.899345999999998,37209.30232545292
8.899454999999998,37735.84905638818
8.899560999999999,37037.03703703807
8.899666999999999,37383.17757014334
8.899776999999998,38095.238095069086
8.899880999999999,37209.30232545292
8.899987,36697.24770637597
8.900096,37558.68544592778
8.900205,29520.295202986
8.900309,26845.637583980788
8.900476,24844.720496985206
8.900606999999999,26845.637583980788
8.900797999999998,33057.85123965911
8.900904999999998,32786.88524585393
8.901039999999998,36529.680365376014
8.901148999999998,37037.03703703807
8.901258999999998,32921.81069943898
8.901364999999998,32258.064516010127
8.901501999999999,36697.24770637597
8.901613,36697.24770637597
8.90172,36529.680365079716
8.901831,32653.06122430547
8.901939,29411.76470580492
8.902076000000001,32653.06122454222
8.902211000000001,32388.66396762626
8.902321,28880.866425937853
8.902458000000001,29411.76470580492
8.902598000000001,32786.88524585393
8.902730000000002,35874.43946186986
8.902842000000001,32520.32520316814
8.902953000000002,26755.85284280496
8.903088000000002,28985.50724642944
8.903252000000002,26755.85284280496
8.903364000000002,24767.80185759655
8.903551000000002,24464.83180438355
8.903687000000001,14652.014652016385
8.903878,10899.182561287935
9.008578000000005,8791.208791215551
9.035075000000004,8429.926238142656
9.074714000000005,8565.310492497296
9.075350000000006,9950.248756213075
9.077235000000007,8376.96335079084
9.086727000000007,8255.933952532183
9.094864000000006,8705.114254627717
9.139570000000006,8958.566629343433
9.140275000000006,22346.368715064917
9.140463000000006,31249.999999968746
9.140633000000006,41237.113401961615
9.140719000000006,41666.666666624995
9.140827000000007,41237.1134023392
9.140911000000006,40201.005025427454
9.141021000000006,45454.54545461469
9.141110000000005,44943.820224716204
9.141197000000005,44692.73743035159
9.141288000000005,45197.74011325391
9.141376000000005,44444.44444481119
9.141465000000004,44444.44444481119
9.141556000000003,44943.82022516472
9.141645000000002,44444.44444481119
9.141734000000001,43715.846994577994
9.141825,43715.846994577994
9.141917000000001,44198.89502773599
9.142008,43956.04395590615
9.142098,43478.260869364334
9.142190000000001,43243.24324321946
9.142282000000002,43243.24324321946
9.142375000000001,42553.19148944479
9.142467000000002,43243.24324363468
9.142563,43715.846994577994
9.142652,42328.04232789432
9.142746,42780.74866301437
9.142841,42553.19148944479
9.142933000000001,42105.26315791414
9.143029,43243.24324321946
9.143123000000001,42105.26315791414
9.143214,41884.81675372047
9.143313000000001,42328.04232789432
9.143405000000001,41666.666666624995
9.143502000000002,42328.04232789432
9.143597000000002,41450.777201810524
9.143691000000002,41237.113401961615
9.143790000000003,37558.68544592778
9.143885000000003,36697.24770637597
9.144003000000003,40609.137055837
9.144103000000003,40816.32653045582
9.144200000000003,40404.040403830084
9.144299000000004,41450.777201810524
9.144398000000004,37558.68544592778
9.144492000000005,32520.32520316814
9.144611000000005,35714.28571410839
9.144738000000006,36697.24770637597
9.144835000000006,36199.095022656424
9.144956000000006,40000.00000009323
9.145056000000006,40201.0050250686
9.145156000000005,39999.99999973795
9.145255000000006,40609.137055837
9.145356000000007,36866.35944713278
9.145452000000006,35555.55555549807
9.145573000000006,35398.230088555814
9.145677000000006,32921.81069967964
9.145799000000006,31872.509960102816
9.145920000000006,35242.2907487988
9.146050000000006,40609.137055837
9.146147000000006,35555.55555549807
9.146247000000006,35242.2907487988
9.146372000000007,40201.0050250686
9.146474000000007,41237.113401961615
9.146571000000007,31746.03174606993
9.146668000000007,21052.63157895707
9.146823000000007,18779.34272296389
9.147048000000007,10958.904109577248
9.147249000000008,8629.989212506145
9.147778000000008,8273.009307126484
9.172990000000008,8988.76404494324
9.212605000000005,22857.14285708012
9.212801000000006,30418.25095053029
9.212955000000006,30303.03030307646
9.213064000000006,32786.88524609263
9.213219000000006,32258.064516241182
9.213308000000005,27397.260273976455
9.213467000000005,27586.20689658222
9.213600000000005,27210.884353719423
9.213757000000005,31620.5533595932
9.213894000000005,37914.69194309503
9.214010000000005,43956.04395590615
9.214105000000005,38834.951456240444
9.214192000000006,37558.68544592778
9.214311000000006,43478.260869364334
9.214405000000006,43715.846994577994
9.214495000000007,43243.24324321946
9.214588000000006,43010.75268791081
9.214680000000007,37914.69194309503
9.214774000000007,38461.53846174635
9.214891000000007,34334.76394854123
9.214982000000006,30534.35114491059
9.215124000000007,37383.17756983304
9.215244000000007,42780.74866301437
9.215338000000008,42328.042328292155
9.215431000000008,41884.81675411002
9.215527000000007,42553.19148944479
9.215622000000007,43010.752688321576
9.215715000000007,42328.042328292155
9.215808000000006,42105.26315791414
9.215904000000005,41666.666666624995
9.215998000000006,42780.74866342075
9.216096000000006,43478.26086978408
9.216185000000005,37383.17757014334
9.216280000000005,37558.68544592778
9.216399000000004,38647.3429949076
9.216493000000005,15748.031496064452
9.216606000000006,8138.351983725497
9.273882000000002,26845.637583820764
9.274029000000002,28571.428571422653
9.274180000000003,30888.03088805627
9.274309000000002,37209.30232545292
9.274439000000003,36529.680365376014
9.274524000000003,33057.85123965911
9.274658000000002,36036.03603590088
9.274766000000003,40201.0050250686
9.274880000000003,25889.967637568046
9.274965000000003,22099.447513867995
9.275189000000003,35714.285714391604
9.275327000000003,36199.095022656424
9.275413000000002,29411.76470580492
9.275548000000002,34632.03463185435
9.275685000000003,43478.260869364334
9.275779000000004,44198.89502773599
9.275869000000004,43010.752688321576
9.275960000000003,43010.752688321576
9.276055000000003,39024.39024402721
9.276146000000002,38095.23809539133
9.276260000000002,37914.691943414226
9.276356000000002,37735.84905670437
9.276471,42328.04232789432
9.276568000000001,37914.69194309503
9.276660000000001,34188.03418818653
9.276779000000001,31007.75193813362
9.276894,33195.02074701916
9.277037,37037.03703703807
9.277135,37037.03703703807
9.277253,41884.81675411002
9.277351,33472.8033472041
9.277444,25078.369905872118
9.27759,29520.295202986
9.277763,41884.81675411002
9.277861,42105.26315791414
9.277954,36363.636363544945
9.278051,36529.680365376014
9.278174,33057.85123965911
9.27827,21739.130434682167
9.278416,20460.358056241166
9.278638,29739.776951738244
9.278807,23188.405797143554
9.278907,12383.900928798275
9.353894,11220.19635344724
9.354326,13071.895424868584
9.354607,9153.31807780742
9.354937999999999,8205.128205124904
9.355481,8394.543546686986
9.355913,8298.755186708913
9.356434,11065.006915618682
9.356877,12269.938650296566
9.429350000000003,8146.639511197626
9.467433,8978.675645331376
9.481851999999998,8556.149732635386
9.503252999999996,9049.773755664106
9.509379999999995,10243.277848912692
9.524755999999996,8333.333333325
9.548008999999997,8333.333333325
9.549942999999997,8008.008008020691
9.554665999999996,8032.1285140652035
9.579536999999997,16393.442622926967
9.579891999999997,32653.06122454222
9.580024999999997,35714.285714391604
9.580136999999997,39408.8669952554
9.580248999999997,34782.608695625786
9.580339999999996,31128.40466910518
9.580478999999997,39024.39024368905
9.580596999999997,44692.73742990807
9.580683999999998,43478.260869364334
9.580775999999998,42780.74866301437
9.580867999999999,42553.19148944479
9.580962999999999,43243.24324321946
9.581055999999998,42328.04232789432
9.581147999999999,37383.17757014334
9.581245,38095.23809539133
9.581361999999999,37735.84905670437
9.581454999999998,37383.17757014334
9.581573999999998,33613.44537821956
9.581668999999998,33057.85123965911
9.581811999999998,40816.32653045582
9.581910999999998,42328.04232789432
9.582007999999998,37735.84905638818
9.582099999999999,36529.680365079716
9.58222,41025.64102569927
9.582319,32786.88524609263
9.582415,32128.514056203512
9.582562999999999,41237.113401961615
9.582664,42105.26315791414
9.582756999999999,36363.636363544945
9.582854,36036.03603590088
9.582977,40404.040403830084
9.583076,40404.040403830084
9.583175,35555.55555549807
9.583274000000001,36036.03603618922
9.583400000000001,40000.00000009323
9.583496,35087.71929826178
9.5836,32128.514056203512
9.583724,32520.32520316814
9.583849,36199.095022656424
9.58397,39800.99502476437
9.58407,39999.99999973795
9.584171000000001,35714.28571410839
9.584270000000002,28776.978417289123
9.584395000000002,24316.109422572703
9.584548000000002,20997.375328134884
9.584724000000001,26229.508196797717
9.584929,31496.062992128904
9.585029,25889.967637568046
9.585183,31620.55335981521
9.585338,35555.55555549807
9.585436,31372.549019484268
9.585563,24024.024024062073
9.585691,20887.728459565144
9.585896,17391.304347812893
9.586074,18306.63615561484
9.586356,22346.368715064917
9.586511,15473.887814303685
9.586714,13468.013468023913
9.587028,11560.693641605081
9.589587000000002,8105.369807495059
9.597438000000004,8510.638297872876
9.614787000000002,8519.701810446499
9.626481,8016.0320641349535
9.636851,8072.653884972209
9.674463999999999,9313.154831197278
9.684622999999998,8121.8274111674
9.685256999999998,8113.590263683112
9.689917999999999,8474.576271181952
9.704246999999999,8273.009307126484
9.708617,8695.652173906446
9.734749000000003,9962.64009963331
9.742461000000002,11747.43024963024
9.743999000000002,8230.45267490487
9.763170000000002,8016.0320641349535
9.767467,8492.569002121156
9.807001,10113.780025290305
9.807535999999999,17353.579175720024
9.807792,18648.018648076006
9.807996999999999,19801.98019803809
9.808220999999998,22038.567493106075
9.808400999999998,24464.831804250647
9.808583999999998,28673.835125365153
9.808727999999999,21563.34231809097
9.808862999999999,21333.333333332524
9.809098999999998,29197.080291864706
9.809237999999999,24390.243902464164
9.809372999999999,22535.21126766943
9.809565999999998,20997.375328134884
9.809727999999998,17582.417582465423
9.809946999999998,20942.408376957625
9.810182999999997,23668.639053180235
9.810328999999998,23598.82005897538
9.810520999999998,25723.472668814407
9.810667999999998,25641.02564109124
9.810831999999998,25000.000000113774
9.810979999999997,23188.405797143554
9.811151999999996,19047.619047615102
9.811324999999997,18140.58956914628
9.811571999999996,21798.36512257587
9.811765999999997,18018.018018022525
9.811938999999997,17057.569296413727
9.812209999999997,22988.50574719879
9.812407999999996,22471.910112358102
9.812557999999996,18735.362997650303
9.812763999999996,8492.569002121156
9.869532999999993,8316.008316012956
9.872794999999993,8032.128514050878
9.895315999999992,8154.943934764983
9.968642999999993,8163.265306120758
10.034154999999993,9546.539379476144
10.034547999999994,10282.776349632726
10.034992999999993,12345.679012346023
10.035325999999992,12213.740458013921
10.062633999999992,8403.361344539211
10.106708999999997,8368.200836816573
10.316208999999997,8032.128514050878
10.316905999999998,10484.927916131832
10.322134999999996,8859.357696574749
10.322702999999995,9852.216748770743
10.323037999999995,9650.180940898175
10.331965999999996,9685.230024213153
10.332415999999997,9227.220299889907
10.332791999999996,8146.639511197626
10.334368999999997,9696.969696981858
10.334841999999997,12195.121951232082
10.335193999999996,10624.169986726001
10.335497999999996,8592.910848553905
10.339295999999996,9060.022650056962
10.340807999999996,9132.420091325484
10.341276999999996,9269.988412525785
10.341683999999995,10840.10840108214
10.344109999999995,9638.554216861054
10.344647999999996,9603.841536613681
10.349818999999995,9828.009828008711
10.350389999999996,9049.773755664106
10.351273999999995,8483.563096489299
10.353793999999997,8154.943934750217
10.355397999999997,9950.248756213075
10.355831999999998,8602.150537631454
10.356761999999998,8686.21064060851
10.359577999999997,8705.114254610891
10.360115999999998,8800.880088008329
10.362270999999998,9638.554216861054
10.362776999999998,10624.16998670094
10.364688,8565.310492513587
10.371455,10296.010295995218
10.371936,9756.097560964532
10.372232,8800.880088008329
10.372756,8667.388949076938
10.393753000000002,8000.000000004434
10.394276000000001,8456.659619443348
10.394753000000001,10498.687664042967
10.396474000000001,8188.331627425281
10.396931000000002,8465.60846561069
10.397451000000002,8667.388949076938
10.399055000000002,8602.150537647884
10.405333,8686.21064060851
10.405843,10204.081632660196
10.406254,10088.27238335662
10.406627,8928.5714285625
10.407047,8385.744234799771
10.408793000000001,11627.906976770086
10.409257,12030.075187975468
10.409481,9060.022650056962
10.411029,9650.180940877499
10.412693,9791.921664631194
10.413082000000001,9132.420091325484
10.415053,9090.909090904586
10.415601,9101.251422076664
10.415933,8188.331627440169
10.41648,8230.45267490487
10.41691,8978.675645349274
10.417451999999999,12698.412698427972
10.417800999999999,10582.01058202331
10.418081999999998,9259.259259259517
10.418556999999998,10512.483574235051
10.418945999999998,9744.214372714032
10.419317999999999,9638.554216861054
10.419766999999998,9876.543209860574
10.421215,8412.197686656127
10.421584,9205.983889530455
10.422165999999999,11644.832605514475
10.424987999999999,12718.60095389526
10.425241,8016.0320641349535
10.426238999999999,9184.84500573983
10.426760999999999,9888.751545113986
10.427109999999999,10243.277848912692
10.42757,10943.912448699853
10.427890999999999,8724.100327142662
10.428301,8501.594048875413
10.428808,8859.357696557321
10.432832000000001,9720.534629399157
10.433655000000002,8394.543546702635
10.434315000000002,13651.877133142585
10.434608,12638.23064773381
10.434901,11019.283746553037
10.435241,10624.16998670094
10.435627,9840.098400973833
10.435994,9615.384615374998
10.436440000000001,8602.150537631454
10.437370000000001,8537.8868729952
10.437911000000001,10498.687664042967
10.438307000000002,10568.031704093455
10.438673000000001,10596.026490068483
10.439064000000002,10282.776349632726
10.442628,10349.288486432593
10.442934999999999,8676.789587860012
10.443856999999998,8556.14973261913
10.444455999999997,10230.179028120583
10.444791999999998,11379.800853490307
10.446286999999998,11527.377521625356
10.446604999999998,9569.37799043503
10.448012999999998,8008.008008006452
10.448499999999997,8830.022075050145
10.449011999999998,9791.921664631194
10.449405999999998,12121.212121214272
10.449828999999998,14388.489208644562
10.450065999999998,9546.539379476144
10.453181999999996,8658.008658013523
10.453789999999996,8565.310492513587
10.454723999999995,8342.022940548224
10.455339999999996,8743.169398898624
10.463458999999995,10430.247718386845
10.467210999999995,8385.744234799771
10.467678999999995,8088.978766426054
10.468164999999996,8714.596949887095
10.468667999999996,9592.326139075944
10.469082999999996,8230.452674889828
10.471255999999997,9962.64009963331
10.472647999999996,8510.638297872876
10.481334999999996,8255.933952532183
10.487396999999996,8421.052631582827
10.494103999999997,10825.43978347428
10.498598999999999,10243.277848912692
10.499133999999998,12903.225806422535
10.499379999999999,10512.483574235051
10.50077,9248.554913303058
10.501254999999999,8016.0320641349535
10.504663999999998,8421.052631582827
10.508686999999997,11799.41002948769
10.514235,9227.220299889907
10.514691,10037.641154323937
10.516656,8583.690987135307
10.517228999999999,9060.022650056962
10.518111999999999,9580.838323349126
10.518604999999999,9638.554216861054
10.520024,8024.072216650637
10.520515,8421.052631582827
10.521021,9227.220299889907
10.521465,8205.128205124904
10.523689,10582.010581998446
10.524116,9248.554913284064
10.524445,8072.653884957739
10.524981,9090.909090904586
10.525436000000001,9184.84500573983
10.525861,8048.289738427478
10.527439000000001,8385.744234799771
10.527906000000002,8908.685968825559
10.528393000000001,9864.364981497489
10.528804000000001,11678.832116776168
10.529204000000002,8859.357696574749
10.529489000000002,8163.265306120758
10.530107000000001,10582.010581998446
10.530469000000002,8820.286659318674
10.530863000000002,8368.200836816573
10.531376000000002,9489.916963209895
10.531819000000002,9445.100354188316
10.535602000000003,8032.1285140652035
10.538779,8008.008008020691
10.539409,8667.388949093618
10.542186999999997,8097.165991906565
10.542765999999997,8988.76404494324
10.553524999999999,9184.84500573983
10.554028999999998,8121.8274111674
10.570817999999994,9029.345372447506
10.572313999999995,8040.201005028074
10.575291999999994,8592.910848537509
10.578240999999997,8492.569002121156
10.579947999999996,8138.351983725497
10.583833999999996,9828.009828008711
10.584281999999996,12519.561815344063
10.584647999999996,12326.656394467562
10.584920999999996,9153.31807780742
10.588852999999995,9744.214372714032
10.589343999999995,12800.000000011642
10.591537999999995,8859.357696557321
10.592030999999995,10088.27238335662
10.592440999999996,8376.96335079084
10.593395999999995,8898.776418238263
10.593983999999995,13888.888888874999
10.596914999999996,8097.165991906565
10.597555999999996,8138.351983725497
10.598538999999995,8592.910848553905
10.598916999999995,9535.160905849993
10.601815999999994,9512.485136728379
10.603260999999994,8859.357696574749
10.605429999999993,8820.286659318674
10.605994999999993,13605.442176859711
10.606336999999993,15717.092337887198
10.606582999999993,16194.33198381313
10.606845999999994,10568.031704093455
10.607602999999994,9815.950920253299
10.608117999999994,13582.34295416585
10.608417999999993,14897.57914340125
10.608706999999994,10204.081632660196
10.609988999999993,8705.114254627717
10.613048999999993,9101.251422076664
10.613525999999993,9925.55831266772
10.616181999999993,12307.692307687357
10.616573999999993,14311.270125201485
10.618011999999993,11799.41002948769
10.618322999999993,10217.113665386914
10.618689999999994,8316.008316012956
10.619105999999993,8179.95910020514
10.619651999999993,9111.61731207127
10.620083999999993,9864.364981497489
10.620529999999993,9803.921568622982
10.622047999999994,10752.68817205472
10.622418999999994,9367.681498825152
10.623272999999994,8032.128514050878
10.624268999999995,8255.933952532183
10.625928999999994,8938.547486034837
10.627618999999994,9345.794392516442
10.636260999999996,10165.18424397756
10.651510999999998,8171.6036772285415
10.655843999999998,9291.521486657808
10.656335999999998,9080.590238368713
10.664900999999999,11922.50372580452
10.665359999999998,11477.761836461039
10.665571999999997,9768.009768010923
10.669334999999998,8733.624454147148
10.679775999999997,8465.60846561069
10.680227999999996,10943.912448699853
10.681841999999996,9039.548022596351
10.682318999999996,8130.081300806712
10.682726999999996,8743.169398898624
10.683302999999997,12658.227848110842
10.683641999999997,8830.022075067456
10.692335999999996,8629.989212522683
10.694069999999995,8032.128514050878
10.694512999999995,8456.659619443348
10.695065999999995,10416.666666656249
10.695458999999996,10256.41025640146
10.695833999999996,9888.751545113986
10.696238999999997,13651.877133101201
10.696642999999996,11379.800853461553
10.696824999999997,10484.927916107421
10.698606999999997,10296.010296018756
10.699027999999997,9828.009828008711
10.699383999999997,8810.572687216936
10.699841999999997,10322.580645149857
10.700291999999997,11188.811188817806
10.700616999999998,8510.638297872876
10.701006999999997,8255.933952517049
10.704462999999999,9345.794392516442
10.704863,8501.594048891462
10.705319,9815.950920253299
10.705803999999999,8988.76404494324
10.706133999999999,9237.875288680878
10.707961999999998,10376.134889749539
10.708263999999998,10322.580645149857
10.708732999999999,10540.1844532224
10.711658,10624.16998670094
10.712025,9913.258983890928
10.712411000000001,8978.675645349274
10.713902000000001,10484.927916107421
10.714362000000001,10554.089709746568
10.715710000000003,8324.66181061211
10.716273000000003,10282.776349609248
10.716671000000003,8097.165991906565
10.717659000000003,9744.214372714032
10.718103000000003,11510.79136690094
10.718480000000003,11461.318051578142
10.723713000000004,9101.25142205827
10.724284000000004,12364.760432752659
10.724592000000005,9580.838323349126
10.724931000000005,10443.864229758352
10.725427000000005,10282.776349609248
10.725697000000006,9708.737864081042
10.726205000000006,11661.807580175531
10.726521000000005,12598.42519683394
10.726891000000006,14311.270125201485
10.727156000000006,12307.692307687357
10.727450000000006,10723.86058981996
10.727806000000006,10088.27238335662
10.728599000000006,8008.008008006452
10.729253000000007,9962.64009963331
10.741987000000005,8724.10032715956
10.742488000000005,8368.200836816573
10.745129000000004,9696.969696960978
10.782918000000011,8385.744234799771
10.783561000000011,9478.672985773757
10.800796000000016,8281.573498964612
10.852698000000018,9673.518742430617
10.85413200000002,9324.0093240187
10.881334000000018,8088.978766426054
10.90178400000002,9060.022650056962
10.95630000000002,8113.59026369773
10.95682300000002,8695.652173906446
10.95728600000002,8273.009307126484
10.961454000000021,11347.517730497168
11.060767000000018,8869.179600887328
11.117856000000016,8474.576271181952
11.143075000000016,8629.989212506145
11.145024000000017,9638.554216861054
11.150029000000018,12102.874432693608
11.158826000000015,9557.945041828954
11.17715400000001,8264.462809914778
11.205985000000007,13864.818024267573
11.215799000000008,8205.128205124904
11.216537000000008,20725.38860100064
11.216774000000008,28776.978417289123
11.216923000000008,26402.640264128182
11.217052000000008,29411.764705997
11.217226000000007,29090.909090882935
11.217324000000007,22598.870056400156
11.217501000000007,22662.889518382024
11.217678000000008,24242.424242428544
11.217854000000008,28070.175438609425
11.218008000000008,30418.25095053029
11.218139000000008,34782.608695625786
11.218271000000009,30769.230769344522
11.218369000000008,30188.679245414085
11.218531000000008,38461.53846174635
11.218634000000007,38277.51196174012
11.218739000000006,30303.03030307646
11.218843000000007,27303.75426628517
11.219003000000006,33195.020746774484
11.219136000000006,24767.801857460337
11.219244000000007,21333.333333332524
11.219459000000008,24767.80185759655
11.219619000000007,22988.505747081443
11.219782000000007,19900.49751247012
11.219967000000008,20942.408376957625
11.220184000000007,19559.90220043094
11.220349000000008,15296.36711277674
11.220593000000008,15414.258188806774
11.220872000000009,17316.017315993755
11.221112000000009,17021.276595745752
11.22133400000001,16096.579476883722
11.221582000000009,19323.671497536714
11.221831000000009,20779.220779144573
11.22199600000001,17977.5280898506
11.22221600000001,13029.3159609002
11.22244100000001,10680.907877158481
11.22283000000001,11560.693641605081
11.223190000000011,13029.3159609002
11.223522000000012,12903.225806459504
11.223804000000012,11958.146487321705
11.224142000000011,12882.447665079751
11.22447300000001,16701.4613778587
11.22476300000001,15841.584158402611
11.22495200000001,14159.292035400067
11.22526800000001,19417.475728120222
11.22551700000001,17057.569296349124
11.225680000000011,16326.530612211924
11.225986000000011,23255.813953480127
11.226170000000012,26578.073089828817
11.226330000000011,19607.843137331332
11.22647100000001,17660.04415016954
11.22673800000001,23952.095808474725
11.22692400000001,27681.66089978315
11.227072000000009,27874.564459915917
11.227213000000008,20512.820512756203
11.227359000000009,18223.23462414254
11.227603000000009,25559.105431291144
11.227798000000009,27303.754266119635
11.22791600000001,24999.999999974996
11.22809100000001,24999.999999974996
11.22823600000001,20202.02020200566
11.22841100000001,19323.671497619627
11.22863200000001,16194.33198381313
11.22882500000001,13937.282229957958
11.22912600000001,16032.064128269907
11.22939900000001,21505.376344058095
11.22962500000001,17021.27659568142
11.22977100000001,12718.60095385934
11.230095000000011,16806.722689047063
11.230400000000012,9925.558312645844
11.247275000000018,8686.21064060851
11.25213200000002,8465.60846561069
11.265326000000018,8537.886873011385
11.266802000000016,9791.921664631194
11.271349000000015,9501.18764845094
11.271876000000015,8839.779005512497
11.272781000000016,9592.326139096374
11.281726000000015,10389.610389620222
11.282187000000015,9122.006841514196
11.303025000000016,8483.56309650528
11.303524000000015,8255.933952532183
11.34216100000002,8281.573498964612
11.353067000000022,9313.154831216536
11.353481000000022,9685.230024213153
11.384265000000022,8791.20879119839
11.384699000000023,8146.639511197626
11.389320000000021,8230.45267490487
11.395593000000021,9163.80297823234
11.402302000000022,20100.5025125343
11.402463000000022,21621.62162160973
11.402700000000022,23054.755043250712
11.402833000000022,17429.193899807917
11.403047000000022,19607.843137245964
11.403292000000022,20565.552699218497
11.403455000000022,24024.024024062073
11.403681000000022,22792.02279200901
11.403788000000022,18140.58956914628
11.404032000000022,20460.358056241166
11.404229000000022,18018.018018022525
11.404423000000023,18058.690744967425
11.404673000000022,20356.234096745073
11.404866000000021,20151.133501282966
11.405066000000021,21857.923497288997
11.405263000000021,25723.472668814407
11.40543200000002,23668.639053180235
11.405574000000021,18867.924528273135
11.405770000000022,21739.1304347871
11.405998000000022,23460.410557144103
11.406138000000022,21563.342317987725
11.406339000000022,25396.825396784334
11.406509000000023,28169.014084445836
11.406654000000023,25477.707006267377
11.406793000000023,23529.411764613204
11.406968000000024,21680.216802112092
11.407133000000025,18264.84018261393
11.407337000000025,19900.497512382186
11.407571000000026,23391.812865507854
11.407739000000026,25396.82539692755
11.407913000000026,27681.66089978315
11.408054000000025,27491.408934808893
11.408202000000024,27777.77777783566
11.408345000000024,30651.340996160747
11.408490000000024,27303.754266119635
11.408606000000024,25477.707006267377
11.408783000000025,27972.027971940275
11.408920000000025,30188.679245211722
11.409069000000025,17353.579175720024
11.409185000000026,15533.980582522969
11.409530000000025,17241.379310311084
11.409700000000026,15209.125475265146
11.409994000000026,16326.530612211924
11.410226000000026,14571.948998145515
11.410484000000027,13769.363166944362
11.410775000000028,10471.204188478812
11.411065000000027,8565.310492497296
11.411539000000028,9535.160905829804
11.411999000000028,10139.416983510097
11.412378000000029,9237.875288680878
11.41278800000003,9546.539379476144
11.413244000000029,8519.70181043038
11.41790200000003,10680.907877158481
11.423145000000032,8146.639511197626
11.424632000000033,9019.165727164886
11.425196000000033,11922.503725772956
11.425519000000033,10204.081632637077
11.425867000000034,10624.16998670094
11.432568000000035,8008.008008006452
11.433102000000035,8072.653884957739
11.473908000000035,8820.286659318674
11.474412000000035,8447.729672650197
11.479460000000035,8088.978766426054
11.487724000000036,8376.96335079084
11.488194000000036,9195.40229886074
11.519944000000033,8048.289738427478
11.539613000000033,9174.311926593993
11.540189000000034,12698.412698392167
11.540485000000034,9422.85041224367
11.56408700000003,10484.927916131832
11.573462000000028,9615.384615374998
11.573836000000028,10037.641154323937
11.589935000000029,8938.547486034837
11.61100800000003,11611.030478963508
11.61142600000003,11080.332409977404
11.61169700000003,9400.705052869871
11.61214800000003,9987.515605481414
11.61254800000003,13223.140495863643
11.61294900000003,13651.877133101201
11.61315300000003,9422.85041224367
11.614002000000031,9685.230024213153
11.614597000000032,16326.53061227111
11.614828000000031,9925.55831266772
11.615087000000031,8056.394763348632
11.62647300000003,8771.929824565445
11.634346000000027,8948.545861291368
11.636402000000029,13722.126929658416
11.63671700000003,15594.541910338568
11.63698500000003,13093.28968905042
11.637230000000029,9478.672985793708
11.637596000000029,11363.636363653672
11.638074000000028,17660.04415010029
11.638300000000028,19656.01965597453
11.638527000000028,15717.092337887198
11.638707000000029,18735.362997650303
11.63903600000003,24096.385542152635
11.639134000000029,19559.90220043094
11.63936800000003,13114.754098360669
11.63954300000003,11142.061281350885
11.63997800000003,19184.65227823361
11.640261000000029,23952.095808474725
11.640395000000028,22535.21126766943
11.640595000000028,27874.564459915917
11.640750000000027,23880.597014816412
11.640882000000028,17316.017315993755
11.641085000000029,13468.013468023913
11.641344000000029,12861.736334407204
11.641679000000028,13289.036544835983
11.641966000000028,13223.140495863643
11.642281000000029,12658.227848110842
11.642571000000029,12738.853503205755
11.642913000000028,13913.043478271804
11.643199000000028,13961.605584616775
11.643488000000028,17094.017093963503
11.643772000000029,17897.091722547175
11.64395600000003,13986.013986013571
11.64421900000003,12176.560121759083
11.64452800000003,10230.179028120583
11.65456000000003,8629.989212522683
11.656060000000029,9744.214372714032
11.666845000000029,9389.671361501521
11.66744000000003,11527.377521625356
11.692680000000031,8359.45663532174
11.695131000000032,14035.087719304713
11.695443000000031,11220.196353419286
11.695701000000032,11747.43024963024
11.696156000000032,14869.888475869122
11.696382000000032,13913.043478271804
11.696694000000031,17353.579175720024
11.696957000000031,15503.875969013437
11.69715500000003,13245.033112601184
11.69747300000003,13722.126929700227
11.69775900000003,12519.561815344063
11.69805600000003,12638.230647698343
11.69839800000003,15355.086372334854
11.69868900000003,11922.503725772956
11.69891900000003,8849.557522121564
11.69936000000003,10624.169986726001
11.69982300000003,11644.832605544585
11.714724000000027,8121.8274111674
11.714923000000027,8016.0320641349535
11.716998000000027,8429.926238142656
11.806090000000033,9356.725146203142
11.812859000000035,9557.945041828954
11.820160000000033,8205.128205124904
11.822371000000034,12269.938650296566
11.822722000000034,12539.18495297097
11.823023000000035,13937.282229957958
11.823360000000035,15094.339622656451
11.823597000000035,17353.579175720024
11.823890000000034,19656.01965597453
11.824058000000035,17316.017315993755
11.824297000000035,20050.125313292447
11.824520000000035,21390.374331608782
11.824696000000035,16161.616161648028
11.824894000000034,17857.142857125
11.825191000000034,24844.72049684815
11.825342000000035,22662.889518382024
11.825513000000035,18735.362997650303
11.825695000000035,12195.121951232082
11.825940000000035,12578.616352199657
11.826351000000034,11799.41002948769
11.826576000000035,13266.998341627206
11.827029000000035,24464.831804250647
11.827179000000035,17316.017315993755
11.827356000000036,13114.754098360669
11.827641000000035,13114.754098360669
11.827966000000036,17353.579175720024
11.828251000000035,15717.092337942047
11.828427000000035,14209.591474254023
11.828760000000035,12519.561815344063
11.828990000000035,9685.230024213153
11.829399000000034,10457.516339852373
11.841739000000038,11080.332409977404
11.842126000000038,10973.936899866474
11.842461000000037,8403.361344539211
11.845130000000037,8072.653884957739
11.845723000000037,9467.455621301948
11.847237000000037,12139.605462810829
11.847583000000038,12882.4476650429
11.847896000000038,13245.03311256223
11.848204000000038,13333.333333324934
11.848500000000039,10928.961748644499
11.848804000000039,9557.945041828954
11.849232000000038,10191.082802564604
11.849641000000037,12882.447665079751
11.850017000000037,14010.50788093549
11.850262000000036,12618.296529972407
11.850588000000036,12618.296529972407
11.850896000000036,13071.895424868584
11.851222000000035,15180.265654650564
11.851508000000035,17467.248908294296
11.851749000000035,10854.816824979342
11.851966000000035,10204.081632660196
11.852486000000034,17167.381974270615
11.852750000000034,16260.162601642778
11.852952000000034,9696.969696981858
11.853242000000034,8928.5714285802
11.853777000000033,10403.120936280618
11.854138000000033,11412.26818831225
11.854546000000033,11560.693641634756
11.854839000000032,10943.912448699853
11.855238000000032,11412.26818831225
11.855570000000032,11428.571428598063
11.855939000000031,15325.670498132526
11.85627000000003,17937.21973100637
11.85646100000003,13422.818791950387
11.856716000000029,10666.666666666262
11.85705700000003,11111.11111112056
11.857466000000029,11080.332409977404
11.857777000000029,10152.28426395925
11.858188000000029,9060.022650056962
11.858565000000029,8859.357696574749
11.859071000000029,10443.864229782572
11.859468000000028,9950.24875623506
11.859837000000027,8412.197686656127
11.860272000000027,8048.289738441861
11.871590000000024,8810.572687216936
11.872123000000025,8733.624454147148
11.877154000000026,9685.230024213153
11.877604000000026,9489.91696322989
11.878447000000026,8629.989212506145
11.879121000000026,15384.615384619707
11.879374000000027,9313.154831216536
11.880233000000025,11747.43024963024
11.880646000000025,12232.415902125324
11.880914000000026,8629.989212506145
11.881300000000026,9791.921664631194
11.881841000000026,14519.056261349702
11.882117000000026,14678.89908255039
11.882392000000026,15122.873345929333
11.882662000000026,12924.071082383243
11.882921000000026,12799.999999975262
11.883281000000027,15473.887814303685
11.883546000000027,15624.999999984373
11.883798000000027,15238.095238053415
11.884058000000028,15122.873345929333
11.884323000000029,14705.882352950479
11.884587000000028,16597.51037344841
11.884867000000028,16736.401673664244
11.885069000000028,14652.014652016385
11.885345000000028,15209.125475265146
11.885615000000028,15904.57256460783
11.885871000000028,14842.300556590535
11.886118000000028,13864.818024267573
11.886410000000028,14545.454545441467
11.886695000000028,18306.63615561484
11.886960000000029,16842.105263165653
11.887132000000028,13986.013986013571
11.887435000000028,15748.031496064452
11.887704000000028,15999.999999980446
11.887943000000028,14545.454545441467
11.888204000000028,13961.605584616775
11.888493000000029,14209.591474209188
11.88877700000003,13400.3350083562
11.88905600000003,13513.51351353041
11.88937400000003,14953.271028057337
11.88964800000003,14678.89908255039
11.88990900000003,13769.363166944362
11.89019300000003,14705.882352950479
11.89049000000003,15267.17557250705
11.89073700000003,14010.507880891904
11.89101400000003,14035.087719304713
11.89130800000003,14440.433213015227
11.89158400000003,14234.87544482984
11.89186200000003,15037.593984969335
11.89214600000003,15384.615384619707
11.89239400000003,14362.65709154686
11.89266600000003,14466.54611211506
11.89295100000003,16666.666666680838
11.89321900000003,17204.30107526291
11.89343100000003,15037.593984919124
11.89368400000003,14787.43068391526
11.893963000000031,15841.584158458334
11.89422500000003,14678.899082598233
11.89446800000003,13745.704467362493
11.89477000000003,13490.725126469002
11.89505000000003,13864.818024267573
11.89536300000003,15122.873345929333
11.89562700000003,14787.43068391526
11.89589200000003,14732.965009245332
11.89616800000003,14732.965009245332
11.896435000000029,13008.13008130483
11.896711000000028,13179.571663910756
11.897050000000029,14336.917562728218
11.897318000000029,14625.22851921735
11.897608000000028,13986.013986013571
11.897865000000028,11976.047904173669
11.898180000000028,11958.146487289952
11.898533000000029,12800.000000011642
11.898849000000029,12539.18495297097
11.899158000000028,13468.013467983637
11.899487000000029,15296.36711277674
11.89975200000003,15594.541910338568
11.90001000000003,13266.998341627206
11.90026500000003,13223.140495863643
11.90061300000003,15325.670498080373
11.90087000000003,15444.015443975173
11.90113500000003,14897.57914335197
11.901388000000031,14842.300556590535
11.901672000000032,15180.265654650564
11.90192700000003,15355.086372334854
11.902199000000032,16736.401673664244
11.902448000000032,15594.541910338568
11.90267700000003,15779.092702147798
11.902961000000031,16806.722689047063
11.903184000000032,14869.888475820026
11.903437000000032,13582.34295416585
11.903722000000032,10498.687664042967
11.904026000000032,11904.761904765734
11.904484000000032,16985.13800427434
11.904698000000032,15686.27450979677
11.904955000000031,16227.180527366225
11.905208000000032,14234.87544482984
11.905448000000032,13628.6201021862
11.905770000000032,15564.20233460638
11.906035000000033,15325.670498080373
11.906284000000033,15999.999999980446
11.906557000000033,18390.80459764638
11.906784000000034,18779.34272296389
11.906992000000034,17167.381974270615
11.907210000000035,14134.275618395079
11.907458000000034,14732.965009197134
11.907776000000034,16771.488469599542
11.908001000000034,17353.579175720024
11.908253000000034,17204.30107526291
11.908462000000034,15503.875968960063
11.908718000000034,16064.257028101756
11.908978000000035,16000.00000003729
11.909216000000034,16985.13800427434
11.909478000000034,19656.019656060318
11.909687000000034,18604.651162803315
11.909885000000033,17353.579175720024
11.910117000000033,15267.175572558806
11.910346000000033,14134.275618395079
11.910641000000032,15444.015444028135
11.910912000000032,15444.015444028135
11.911159000000032,15444.015444028135
11.911430000000031,16359.91820041028
11.911677000000031,15748.031496064452
11.911919000000031,15267.17557250705
11.912185000000031,16260.16260158407
11.912443000000032,17505.47045948727
11.912677000000032,17094.017094028386
11.912900000000032,17699.115044277907
11.913145000000032,19230.76923079106
11.913352000000032,20202.02020200566
11.913561000000032,18433.179723490943
11.913748000000032,15122.873345929333
11.913995000000032,13986.013986013571
11.914277000000032,15355.086372387208
11.914567000000032,19801.98019803809
11.914798000000031,22284.12256270177
11.914971000000032,16985.13800427434
11.91515700000003,17204.30107526291
11.91544200000003,20887.728459468268
11.915622000000031,16293.279022395252
11.915825000000032,14760.147601493
11.916113000000031,17543.85964913089
11.916367000000031,20202.02020200566
11.916569000000031,17543.85964913089
11.916763000000032,15748.031496064452
11.91702500000003,15325.670498080373
11.917271000000031,17699.115044277907
11.917547000000031,19512.195121929064
11.91772300000003,16597.51037344841
11.917957000000031,15094.339622656451
11.91820500000003,15238.095238104972
11.918487000000031,14925.373134369078
11.91873000000003,15384.615384619707
11.91902300000003,14925.373134319614
11.91925000000003,13628.620102227442
11.91955900000003,15748.031496064452
11.91983700000003,15473.887814303685
11.92006700000003,14814.814814790861
11.92035400000003,16460.905349779656
11.92060700000003,18099.547511328212
11.92084000000003,16260.162601642778
11.92104900000003,15625.000000038584
11.92133200000003,14625.22851921735
11.921561000000029,13513.51351353041
11.921879000000029,14787.430683963814
11.922153000000028,17429.193899807917
11.922420000000027,18223.23462414254
11.922612000000028,15999.999999980446
11.922859000000027,15473.887814303685
11.923112000000028,13333.333333324934
11.923376000000028,13179.571663910756
11.923712000000029,15810.276679852102
11.923983000000028,17937.21973093493
11.924218000000028,18018.018018022525
11.924429000000028,18475.750577399653
11.924662000000028,18181.818181845876
11.924862000000028,15009.380863067378
11.925102000000027,16736.401673664244
11.925395000000027,18518.518518519035
11.925580000000027,17316.017315993755
11.925827000000027,17391.304347812893
11.926042000000027,17621.145374468342
11.926287000000027,16260.162601642778
11.926496000000027,16260.162601642778
11.926779000000026,15533.980582522969
11.926988000000026,15904.57256460783
11.927294000000026,18518.518518519035
11.927491000000026,16293.279022395252
11.927726000000026,15065.913370983837
11.927982000000027,14492.753623168082
11.928257000000027,15564.20233460638
11.928534000000028,15594.541910338568
11.928771000000028,15904.57256460783
11.929047000000027,15936.254980051408
11.929274000000028,15267.17557250705
11.929549000000028,15873.015873034965
11.929798000000028,15717.092337942047
11.930053000000028,16985.13800427434
11.930307000000028,16842.105263165653
11.930524000000027,15209.125475265146
11.930782000000027,16460.905349779656
11.931050000000027,17204.30107526291
11.931268000000028,16563.14699795968
11.931515000000028,18306.63615561484
11.931751000000027,17204.30107526291
11.931952000000027,14652.014652016385
11.932216000000027,15624.999999984373
11.932498000000027,14842.300556590535
11.932728000000028,14084.507042266965
11.933037000000027,18140.58956914628
11.933296000000027,18306.63615561484
11.933478000000028,18018.018018022525
11.933733000000027,17241.379310311084
11.933922000000027,14732.965009197134
11.934197000000028,16842.105263165653
11.934465000000028,16842.105263165653
11.934672000000027,15037.593984969335
11.934940000000028,16877.637130846084
11.935204000000027,20997.375328134884
11.935414000000026,20565.552699218497
11.935585000000026,16393.442622926967
11.935803000000027,16293.279022395252
11.936073000000027,17699.115044277907
11.936294000000027,17857.142857195802
11.936525000000026,18306.63615561484
11.936742000000025,16326.530612211924
11.936962000000026,15209.125475265146
11.937232000000026,15355.086372334854
11.937488000000027,14842.300556590535
11.937753000000027,15810.276679852102
11.938027000000027,16949.152542363903
11.938259000000027,15686.27450979677
11.938499000000027,15533.980582522969
11.938769000000027,15748.031496064452
11.939014000000027,16563.146997898766
11.939277000000027,17241.379310311084
11.939497000000028,16771.488469599542
11.939741000000028,16842.105263165653
11.939974000000028,17582.41758239678
11.940216000000028,17505.47045948727
11.940429000000028,18264.84018261393
11.940673000000029,18223.23462414254
11.94086700000003,15384.615384619707
11.941112000000029,16064.257028101756
11.941387000000029,17857.142857125
11.94161000000003,18390.80459772148
11.94183500000003,17057.569296413727
11.942045000000029,15904.57256460783
11.942304000000028,17094.017094028386
11.942548000000029,16877.637130846084
11.942772000000028,15873.015873034965
11.943022000000028,15037.593984969335
11.943276000000028,14842.300556590535
11.943554000000027,15414.258188806774
11.943815000000027,15384.615384619707
11.944073000000028,16632.016632056624
11.944335000000027,15296.367112828693
11.944554000000027,11816.838995575761
11.944858000000027,11730.205278602603
11.945231000000026,13816.92573402162
11.945540000000026,16427.10472280333
11.945810000000026,17699.115044277907
11.946027000000026,16528.925619829555
11.946262000000026,15564.20233460638
11.946511000000026,16632.0166319952
11.946776000000026,18957.345971547515
11.946992000000026,19230.76923079106
11.947198000000027,17660.04415016954
11.947408000000026,15748.031496064452
11.947651000000025,15296.36711277674
11.947916000000026,17316.017315993755
11.948174000000026,21164.02116404662
11.948378000000027,20833.33333340887
11.948552000000026,20460.35805633412
11.948762000000025,19184.65227823361
11.948943000000025,18140.58956921935
11.949179000000024,16877.637130846084
11.949384000000023,15625.000000038584
11.949653000000023,16427.10472280333
11.949896000000022,15655.577299428722
11.950140000000022,13793.10344829111
11.950407000000022,15999.999999980446
11.950720000000022,18823.52941176924
11.950907000000022,17241.379310377088
11.951145000000022,17937.21973093493
11.951371000000021,15355.086372334854
11.951591000000022,14732.965009197134
11.951892000000022,16666.666666680838
11.952134000000022,17316.017316060337
11.952372000000022,15473.887814356853
11.952596000000021,14787.430683963814
11.95288900000002,16096.579476883722
11.95313700000002,16427.10472280333
11.95338600000002,16359.91820041028
11.95362400000002,16771.488469599542
11.95387500000002,14925.373134319614
11.95410100000002,15122.873345929333
11.95441100000002,13311.148086530666
11.95463000000002,12820.512820509122
11.95501200000002,16293.279022395252
11.95525400000002,14678.89908255039
11.95550300000002,15748.031496064452
11.95579900000002,12213.740458013921
11.95601100000002,10217.113665386914
11.95645400000002,11799.410029518605
11.95679400000002,14414.414414452622
11.95713200000002,18264.840182688007
11.957349000000018,16597.51037344841
11.957570000000018,16260.162601642778
11.957831000000018,18264.840182688007
11.958062000000018,16913.319238918455
11.958269000000017,13114.754098360669
11.958535000000017,13050.570962489603
11.958879000000017,14598.540145979674
11.959148000000017,14545.454545441467
11.959427000000018,14311.270125246961
11.959698000000017,14842.300556590535
11.959986000000017,13559.322033880917
11.960237000000017,14492.753623168082
11.960576000000017,16842.105263165653
11.960789000000018,16736.401673664244
11.961051000000017,16563.14699795968
11.961267000000017,15748.031496064452
11.961534000000016,16597.510373387242
11.961775000000017,16032.064128212836
11.962016000000018,14705.882352950479
11.962274000000019,15238.095238104972
11.962560000000018,15686.27450979677
11.962799000000018,13605.442176859711
11.963070000000018,12539.18495297097
11.963387000000019,14981.273408238734
11.963708000000018,16359.91820041028
11.963921000000019,13513.51351353041
11.964197000000018,14059.753954293796
11.964513000000018,15533.980582522969
11.964766000000019,15968.063872259867
11.965028000000018,14925.373134319614
11.965267000000019,14652.014652016385
11.965564000000018,16701.4613778587
11.965813000000018,16806.722689047063
11.966043000000019,18223.23462414254
11.96628900000002,15810.276679852102
11.966482000000019,12718.60095389526
11.966795000000019,11782.032400591286
11.967111000000019,11678.832116776168
11.967474000000019,14084.507042222918
11.96779600000002,11834.319526621215
11.96804200000002,12158.05471125353
11.96847200000002,14678.89908255039
11.96870000000002,12658.227848075265
11.96901700000002,12738.853503169721
11.969332000000021,12618.296529972407
11.969645000000021,13888.88888891783
11.96996600000002,13864.818024267573
11.97022100000002,14234.87544482984
11.97054300000002,10416.666666680343
11.97078300000002,10256.410256424817
11.97131100000002,15267.17557250705
11.97156300000002,12598.42519683394
11.97183500000002,11283.497884335955
11.97219800000002,8667.388949076938
11.97254400000002,10723.86058981996
11.97312100000002,19047.619047615102
11.97329000000002,13536.379018612333
11.97354100000002,13400.335008396072
11.97388100000002,14598.540145979674
11.97413800000002,15009.380863017355
11.97442900000002,13400.3350083562
11.97467100000002,10738.255033553909
11.975026000000021,12738.853503205755
11.97541600000002,15209.125475316509
11.97565400000002,11544.011544010633
11.97594200000002,11976.047904173669
11.97634700000002,12158.05471125353
11.97661000000002,12121.212121214272
11.97700500000002,13745.704467320538
11.97727000000002,14519.056261302894
11.977587000000021,13722.126929658416
11.977821000000022,12012.012011998997
11.978170000000022,13400.3350083562
11.978487000000023,14466.54611211506
11.978767000000023,15037.593984969335
11.979040000000023,17278.617710587627
11.979299000000022,14732.965009197134
11.979503000000022,13605.442176859711
11.979842000000023,15267.17557250705
11.980091000000023,14184.39716310359
11.980366000000023,14760.147601444625
11.980655000000024,15151.515151487256
11.980908000000024,15355.086372334854
11.981183000000025,15384.615384619707
11.981429000000025,14388.489208644562
11.981703000000024,15904.57256460783
11.981985000000025,16913.319238918455
11.982206000000025,14492.75362321472
11.982458000000024,13913.043478271804
11.982758000000024,15009.380863017355
11.983033000000024,15503.875968960063
11.983291000000024,15999.999999980446
11.983549000000025,14466.54611211506
11.983791000000025,13888.888888874999
11.984102000000025,14466.54611211506
11.984367000000026,15473.887814356853
11.984655000000025,18140.58956921935
11.984884000000024,15594.541910338568
11.985096000000024,14035.087719304713
11.985397000000024,16460.90534983982
11.985666000000023,16949.15254242769
11.985883000000022,15444.015444028135
11.986138000000022,15267.17557250705
11.986401000000022,15037.593984969335
11.986662000000022,14414.414414406487
11.986933000000022,14159.292035400067
11.987217000000022,13605.442176900813
11.987498000000022,14414.414414452622
11.987805000000021,15533.980582576549
11.98805300000002,16161.616161648028
11.98832000000002,16842.105263165653
11.98854800000002,16701.4613778587
11.98879500000002,16985.13800421028
11.98902700000002,17543.85964913089
11.98926600000002,15841.584158458334
11.98948300000002,14545.454545488445
11.989771000000019,15238.095238104972
11.990033000000018,16427.10472280333
11.990296000000018,16393.44262298664
11.990520000000018,13816.92573402162
11.990784000000017,12924.071082383243
11.991099000000018,14159.292035400067
11.991403000000018,14285.714285711327
11.991664000000018,14625.22851921735
11.991963000000018,15810.276679852102
11.992211000000017,16701.4613778587
11.992469000000018,19184.652278151887
11.992690000000017,17241.379310311084
11.992886000000018,17857.142857125
11.993154000000018,22160.664819954807
11.993334000000019,18648.018648076006
11.993515000000018,17543.85964913089
11.993763000000017,17582.41758239678
11.993971000000018,16326.53061227111
11.994218000000018,15122.873345980113
11.994461000000017,15238.095238104972
11.994747000000016,16494.845360784646
11.994986000000017,15810.2766797966
11.995232000000017,16842.10526310267
11.995492000000018,16260.16260158407
11.995707000000019,15209.125475265146
11.99598400000002,16736.401673664244
11.99623300000002,17429.193899807917
11.996462000000019,16701.4613778587
11.996692000000019,15841.584158402611
11.99694100000002,15624.999999984373
11.99719700000002,14652.014652016385
11.99745300000002,15444.015444028135
11.99774300000002,18604.651162803315
11.99797100000002,18779.3427230422
11.998173000000019,19900.49751247012
11.998397000000018,18058.69074489501
11.998575000000018,17204.30107526291
11.998840000000019,17057.569296413727
11.999040000000019,14209.591474254023
11.999309000000018,14414.414414406487
11.999603000000018,15533.980582522969
11.999864000000018,16632.0166319952
12.000118000000018,14109.347442675644
12.000345000000019,13745.704467362493
12.000685000000018,17660.04415010029
12.000927000000019,16161.616161590031
12.001138000000019,13986.013986013571
12.00142200000002,14209.591474254023
12.001710000000019,14109.347442675644
12.001985000000019,14598.540145979674
12.002277000000019,14414.414414406487
12.00253300000002,14260.249554383277
12.00283200000002,15267.175572558806
12.003094000000019,13793.10344829111
12.003356000000018,13093.28968905042
12.003674000000018,15065.913371034238
12.003967000000017,15841.584158458334
12.004205000000017,14953.271028057337
12.004472000000016,14981.273408238734
12.004740000000016,15180.265654650564
12.005006000000016,17897.091722618297
12.005267000000016,17505.470459555316
12.005453000000015,16326.53061227111
12.005724000000015,16985.13800427434
12.005943000000014,15414.258188859532
12.006195000000014,15968.063872259867
12.006462000000013,16194.331983754897
12.006696000000014,15151.515151487256
12.006956000000015,15267.17557250705
12.007224000000015,15968.063872259867
12.007480000000015,16129.032258062827
12.007725000000015,16293.279022395252
12.007976000000015,16806.72268910978
12.008216000000015,16494.84536084506
12.008452000000014,15873.015873034965
12.008701000000015,16359.91820041028
12.008956000000014,15444.015443975173
12.009190000000014,15999.999999980446
12.009474000000015,18306.63615561484
12.009690000000015,17353.579175720024
12.009911000000015,15810.276679852102
12.010151000000015,17021.276595745752
12.010417000000015,17543.85964913089
12.010621000000015,16771.488469599542
12.010873000000014,16393.442622926967
12.011098000000015,17857.142857125
12.011361000000015,19138.75598087006
12.011546000000015,18433.179723490943
12.011779000000015,18223.23462414254
12.011980000000015,16563.14699795968
12.012218000000015,16032.064128269907
12.012463000000015,16096.579476883722
12.012717000000015,17738.359201774656
12.012960000000014,16528.925619829555
12.013168000000015,15325.670498080373
12.013444000000014,16877.63713078283
12.013690000000015,17353.579175720024
12.013918000000015,16736.401673664244
12.014151000000014,17353.579175720024
12.014396000000014,17937.21973093493
12.014612000000014,20356.234096653065
12.014842000000014,20779.220779144573
12.015005000000015,17505.47045948727
12.015227000000015,16194.33198381313
12.015462000000015,15594.541910338568
12.015721000000015,16194.33198381313
12.015975000000015,14787.43068391526
12.016215000000015,15325.670498080373
12.016516000000015,18433.179723490943
12.016737000000015,16494.845360784646
12.016950000000016,15151.515151487256
12.017222000000016,16877.63713078283
12.017478000000017,17582.41758239678
12.017696000000017,16494.84536084506
12.017933000000017,15094.339622656451
12.018181000000016,15151.515151487256
12.018463000000017,16736.40167360205
12.018709000000017,17057.569296349124
12.018941000000018,19230.76923079106
12.019178000000018,18779.3427230422
12.019357000000017,16064.257028101756
12.019604000000017,16597.51037344841
12.019855000000017,16326.53061227111
12.020086000000017,17057.569296413727
12.020345000000017,18099.547511328212
12.020555000000016,18306.63615561484
12.020787000000016,16842.105263165653
12.020992000000016,15151.515151487256
12.021262000000016,15873.01587297902
12.021520000000017,16096.579476826191
12.021766000000017,16293.279022395252
12.022017000000018,16985.13800427434
12.022257000000018,18264.840182688007
12.022488000000017,18561.484918838294
12.022695000000017,19047.619047615102
12.022919000000016,18957.345971547515
12.023115000000017,18912.529550844498
12.023341000000016,20304.5685279185
12.023538000000016,18140.58956914628
12.023735000000016,17353.579175720024
12.023979000000017,19002.37529694197
12.024196000000016,20304.5685279185
12.024400000000016,18912.529550844498
12.024590000000016,17241.379310377088
12.024823000000016,16985.13800427434
12.025054000000015,16597.51037344841
12.025294000000015,18348.623853187986
12.025536000000015,19607.843137245964
12.025730000000015,17467.248908294296
12.025944000000015,16771.488469599542
12.026188000000015,16393.44262298664
12.026421000000015,15503.875969013437
12.026676000000014,13793.10344829111
12.026937000000014,13769.36316698646
12.027256000000014,17817.371937651118
12.027518000000013,19370.460048426306
12.027705000000013,18264.840182688007
12.027931000000013,19370.460048426306
12.028143000000012,17204.30107526291
12.028344000000013,16293.279022395252
12.028608000000013,19184.652278151887
12.028835000000013,20100.5025125343
12.029025000000013,16260.16260158407
12.029233000000014,14598.540145979674
12.029517000000014,16949.152542363903
12.029781000000014,20887.728459468268
12.029989000000015,17130.62098499459
12.030164000000015,15122.873345929333
12.030456000000015,16877.63713078283
12.030693000000015,16494.84536084506
12.030930000000016,16129.032258120591
12.031178000000015,17777.77777781921
12.031426000000014,20151.133501282966
12.031628000000014,20202.02020200566
12.031823000000013,16064.257028101756
12.032024000000014,14787.43068391526
12.032321000000014,16096.579476826191
12.032565000000014,18433.179723490943
12.032818000000015,21276.595744722395
12.032999000000014,17316.017316060337
12.033194000000014,16096.579476883722
12.033461000000013,16949.152542363903
12.033691000000013,18264.84018261393
12.033933000000014,17817.37193758063
12.034129000000014,16985.13800421028
12.034382000000015,17582.41758239678
12.034600000000015,17817.371937651118
12.034837000000016,19277.108433722107
12.035049000000015,17467.248908294296
12.035252000000016,16494.84536084506
12.035507000000015,16326.530612211924
12.035737000000015,15968.063872203249
12.035997000000016,15444.015443975173
12.036238000000017,14519.056261349702
12.036515000000017,14388.489208644562
12.036789000000017,15444.015444028135
12.037071000000017,17543.85964913089
12.037307000000016,18561.48491876179
12.037527000000017,18518.518518519035
12.037738000000017,18140.58956914628
12.037959000000017,18390.80459764638
12.038179000000017,16842.10526310267
12.038394000000018,17353.579175653154
12.038654000000019,16985.13800421028
12.03885500000002,15655.5772993743
12.03912500000002,15968.063872203249
12.03936600000002,15384.615384567152
12.039626000000021,15037.593984919124
12.039886000000022,16293.279022395252
12.040158000000023,18264.840182688007
12.040377000000023,17057.569296413727
12.040596000000022,14842.300556590535
12.040846000000021,13864.818024267573
12.041135000000022,13050.570962489603
12.041423000000021,13605.442176859711
12.041748000000021,16064.257028101756
12.042011000000022,15444.015444028135
12.042246000000022,15037.593984969335
12.042529000000021,16806.722689047063
12.042778000000022,16427.10472274341
12.043005000000022,16632.0166319952
12.043265000000023,17429.193899807917
12.043486000000023,14234.87544482984
12.043724000000022,12084.59214501214
12.044048000000023,14010.50788093549
12.044386000000022,16666.666666680838
12.044619000000022,10512.483574235051
12.044866000000022,9937.88819873926
12.045380000000023,15267.17557250705
12.045671000000024,14311.270125246961
12.045904000000023,13675.21367523309
12.046230000000023,15624.999999984373
12.046489000000022,15267.17557250705
12.046742000000023,15296.367112828693
12.047013000000023,16161.616161648028
12.047265000000023,18264.840182688007
12.047508000000022,18058.690744967425
12.047703000000022,16161.616161648028
12.04795100000002,17353.579175720024
12.04819800000002,13864.818024267573
12.04841200000002,12678.288431056377
12.04877500000002,14285.714285711327
12.04904300000002,14678.89908255039
12.04933500000002,18140.58956914628
12.049588000000021,17241.379310377088
12.049776000000021,15904.57256460783
12.05005200000002,15624.999999984373
12.050279000000021,14842.300556590535
12.050564000000021,13961.605584660056
12.050818000000021,10666.666666666262
12.05113700000002,11544.011544010633
12.051568000000021,15904.57256460783
12.05183000000002,14925.373134319614
12.052071000000021,11019.283746553037
12.05236600000002,11363.636363624999
12.052797000000021,14519.056261349702
12.053070000000021,12213.740458013921
12.053348000000021,14035.087719304713
12.053725000000021,13722.126929700227
12.05391800000002,11142.061281350885
12.05430800000002,13888.88888891783
12.05463600000002,12965.964343633499
12.054884000000019,12307.692307720992
12.055253000000018,14440.433213015227
12.055534000000018,14732.965009197134
12.055807000000017,15209.125475265146
12.056077000000018,14571.948998192665
12.056333000000018,12987.012987032767
12.056626000000017,8537.8868729952
12.056949000000017,9411.76470588462
12.057563000000018,17391.30434788005
12.057799000000017,14981.273408238734
12.058023000000016,14035.087719260973
12.058333000000017,11019.283746553037
12.058593000000018,10282.776349632726
12.059059000000017,13840.830449849038
12.059371000000016,17977.52808992236
12.059637000000016,17738.359201774656
12.059816000000016,12288.786482310528
12.060088000000016,11544.011544010633
12.060467000000017,13029.315960937894
12.060781000000016,15564.202334660169
12.061081000000016,16736.401673664244
12.061295000000015,14925.373134319614
12.061559000000015,14545.454545441467
12.061831000000016,15564.202334660169
12.062109000000016,15533.980582522969
12.062345000000015,15779.092702147798
12.062624000000016,14953.271028057337
12.062852000000015,13201.320132025394
12.063159000000015,13266.998341627206
12.063458000000015,12519.561815344063
12.063762000000015,12213.740458013921
12.064097000000015,12779.552715645572
12.064417000000015,13093.289689012354
12.064723000000015,12718.60095385934
12.065028000000016,12288.786482310528
12.065352000000017,14159.292035400067
12.065679000000017,17660.04415010029
12.065917000000017,17278.617710587627
12.066132000000017,13913.043478271804
12.066380000000017,13422.818791950387
12.066707000000017,15841.584158458334
12.066976000000016,14678.899082598233
12.067212000000016,14414.414414406487
12.067521000000015,14814.814814790861
12.067767000000016,14285.714285711327
12.068061000000016,15936.254980107798
12.068327000000016,12048.192771108548
12.068563000000015,11477.761836461039
12.068991000000015,15122.873345929333
12.069260000000014,13961.605584616775
12.069520000000015,13582.34295416585
12.069833000000015,12779.552715681835
12.070109000000015,12779.552715681835
12.070459000000014,14414.414414406487
12.070735000000013,13628.6201021862
12.071014000000014,12403.10077518513
12.071322000000015,12718.60095389526
12.071659000000015,13888.888888874999
12.071951000000015,13698.630136988228
12.072235000000015,14492.75362321472
12.072535000000014,16326.53061227111
12.072787000000014,17278.617710587627
12.073025000000014,18691.588784994095
12.073250000000014,19002.375296861792
12.073453000000015,16427.10472280333
12.073671000000015,14545.454545488445
12.073940000000015,13400.335008396072
12.074221000000014,14109.347442675644
12.074537000000014,18181.818181772473
12.074788000000014,20100.5025125343
12.074977000000015,20460.358056241166
12.075186000000015,17316.017315993755
12.075368000000015,15841.584158402611
12.075648000000015,16563.146997898766
12.075873000000016,12441.679626746298
12.076131000000016,12158.05471125353
12.076516000000016,16632.0166319952
12.076789000000016,16806.722689047063
12.076997000000016,15296.367112828693
12.077265000000017,15686.274509851406
12.077520000000016,16393.44262298664
12.077775000000015,14705.882352950479
12.078008000000015,15037.593984969335
12.078319000000015,16427.10472280333
12.078540000000014,16032.064128269907
12.078806000000014,16701.4613778587
12.079039000000014,17777.777777749034
12.079285000000015,16293.279022395252
12.079489000000015,15325.670498080373
12.079776000000015,16563.14699795968
12.080011000000015,17897.091722618297
12.080259000000014,17094.017094028386
12.080458000000014,14109.347442675644
12.080727000000014,13937.282229957958
12.081025000000015,16427.10472280333
12.081301000000014,18779.34272296389
12.081512000000014,16806.722689047063
12.081727000000015,15444.015444028135
12.081988000000015,14705.882352950479
12.082245000000015,12924.071082383243
12.082532000000015,13333.333333324934
12.082864000000015,15296.367112828693
12.083132000000015,14598.540146026997
12.083387000000014,13468.013468023913
12.083680000000014,16064.257028101756
12.083981000000014,19512.195121929064
12.084178000000014,17130.62098499459
12.084391000000014,15936.254980107798
12.084645000000014,16632.016632056624
12.084893000000013,15779.092702203083
12.085126000000013,15209.125475316509
12.085400000000012,14897.57914340125
12.085652000000012,14925.373134319614
12.085937000000012,15717.092337887198
12.086188000000012,14336.917562728218
12.086446000000013,14705.882352950479
12.086746000000012,16326.530612211924
12.086990000000013,16393.442622926967
12.087236000000013,16326.53061227111
12.087478000000013,17505.470459555316
12.087726000000012,18058.69074489501
12.087935000000012,15968.063872259867
12.088169000000013,14159.292035400067
12.088436000000012,14705.88235290246
12.088734000000013,15122.873345929333
12.088980000000014,13468.013468023913
12.089263000000013,15037.593984969335
12.089574000000013,17094.017094028386
12.089795000000013,15209.125475265146
12.090042000000013,14209.591474209188
12.090321000000014,15209.125475265146
12.090605000000014,17582.41758239678
12.090847000000014,16359.91820041028
12.091060000000015,15267.175572558806
12.091336000000014,15841.584158458334
12.091584000000013,15936.254980107798
12.091841000000013,15904.57256460783
12.092086000000013,15748.031496064452
12.092344000000013,16913.319238918455
12.092594000000012,16701.4613778587
12.092817000000013,15238.095238104972
12.093073000000013,16427.10472280333
12.093342000000012,15968.063872259867
12.093560000000013,14760.147601493
12.093843000000012,16494.84536084506
12.094102000000012,17543.85964913089
12.094328000000012,15564.20233460638
12.094558000000012,12841.09149275775
12.094842000000012,13266.998341627206
12.095181000000013,15936.254980107798
12.095445000000012,16736.401673664244
12.095683000000012,16771.488469599542
12.095923000000012,18735.362997650303
12.096160000000012,18604.651162803315
12.096350000000012,15717.092337942047
12.096590000000011,15564.202334660169
12.096859000000011,13722.126929700227
12.09710400000001,12364.760432786607
12.09744200000001,14336.917562728218
12.09775100000001,17057.569296349124
12.09800000000001,17167.381974205175
12.09822000000001,16129.032258062827
12.09846600000001,16949.152542363903
12.09871600000001,17621.1453743994
12.098938000000011,17316.017315993755
12.099170000000012,16359.91820041028
12.099400000000012,15414.258188806774
12.099659000000011,16913.319238854936
12.099919000000012,20565.552699218497
12.100132000000013,19950.12468827454
12.100308000000012,17429.193899740465
12.100533000000013,17391.304347812893
12.100767000000014,19851.11662529169
12.100993000000013,19950.12468827454
12.101170000000014,18433.17972356639
12.101394000000013,18912.529550844498
12.101604000000012,19656.01965597453
12.101817000000013,19950.12468827454
12.102011000000013,17391.304347812893
12.102218000000013,16359.91820041028
12.102471000000014,16227.180527424694
12.102707000000013,17817.371937651118
12.102964000000012,19950.12468827454
12.103156000000013,18912.529550844498
12.103365000000013,18561.484918838294
12.103579000000012,16736.401673664244
12.103796000000012,17391.304347812893
12.104057000000012,19047.619047615102
12.104256000000012,16842.105263165653
12.104477000000012,15748.031496064452
12.104731000000012,16129.032258062827
12.104985000000012,16528.925619829555
12.105227000000012,16359.91820041028
12.105469000000012,16129.032258062827
12.105716000000012,15717.092337887198
12.105965000000012,15655.5772993743
12.106225000000013,15748.031496064452
12.106476000000013,15655.577299428722
12.106733000000013,15444.015444028135
12.106987000000013,15625.000000038584
12.107251000000012,16000.00000003729
12.107499000000011,16096.579476883722
12.107751000000011,16806.72268910978
12.10799600000001,16949.152542363903
12.10822700000001,18604.65116272646
12.108468000000011,19950.12468827454
12.108657000000012,17699.115044277907
12.108869000000011,17204.30107526291
12.10910900000001,17543.85964913089
12.109334000000011,17278.617710587627
12.10956500000001,17621.1453743994
12.109797000000011,16161.616161590031
12.110019000000012,17429.193899807917
12.110292000000012,19093.07875899276
12.110478000000011,18099.547511328212
12.11071100000001,18957.345971547515
12.11092000000001,20618.556700980807
12.111133000000011,18390.80459764638
12.111308000000012,16129.032258062827
12.111568000000013,18691.58878507167
12.111804000000012,18518.518518519035
12.111996000000012,18867.924528273135
12.112236000000012,18779.34272296389
12.112420000000013,15779.092702147798
12.112662000000013,17094.017093963503
12.112927000000013,18518.518518519035
12.113130000000014,16985.13800427434
12.113359000000013,17057.569296349124
12.113601000000013,17429.193899740465
12.113828000000014,16494.845360784646
12.114060000000014,14625.228519169854
12.114313000000015,14842.300556590535
12.114607000000015,16528.925619829555
12.114852000000015,16427.10472280333
12.115091000000016,16393.44262298664
12.115339000000015,17353.579175720024
12.115579000000015,19230.76923079106
12.115800000000014,19093.07875899276
12.115995000000014,16528.925619829555
12.116219000000013,15841.584158402611
12.116479000000014,17857.142857125
12.116724000000014,18181.818181772473
12.116927000000015,15686.27450979677
12.117164000000015,15533.980582522969
12.117437000000015,16129.032258062827
12.117679000000015,15841.584158402611
12.117933000000015,16064.257028101756
12.118184000000015,18823.52941176924
12.118431000000015,19607.843137245964
12.118609000000015,18348.623853187986
12.118839000000015,17130.62098499459
12.119045000000016,15904.57256460783
12.119306000000016,15968.063872259867
12.119548000000016,15355.086372387208
12.119807000000016,15625.000000038584
12.120069000000015,17021.276595745752
12.120319000000014,16632.0166319952
12.120539000000015,15655.577299428722
12.120800000000015,15904.57256460783
12.121050000000015,15564.20233460638
12.121303000000015,14388.489208644562
12.121564000000015,13536.379018612333
12.121859000000015,16129.032258062827
12.122155000000015,17241.379310377088
12.122355000000015,14678.899082598233
12.122619000000014,14869.888475869122
12.122900000000014,17391.304347812893
12.123157000000013,16563.146997898766
12.123360000000014,17021.276595745752
12.123640000000014,17738.359201774656
12.123830000000014,16597.51037344841
12.124091000000014,18348.623853187986
12.124312000000014,17621.1453743994
12.124527000000015,16563.146997898766
12.124766000000015,16260.162601642778
12.125010000000016,14414.414414452622
12.125258000000015,15503.875969013437
12.125565000000014,17582.41758239678
12.125774000000014,14492.753623168082
12.126020000000015,14159.292035400067
12.126326000000015,18348.623853187986
12.126585000000015,17660.04415010029
12.126762000000015,15473.887814303685
12.127038000000015,15936.254980051408
12.127279000000016,16736.401673664244
12.127540000000016,15037.593984969335
12.127757000000015,13840.8304498065
12.128072000000016,15748.031496064452
12.128335000000016,15594.541910338568
12.128580000000015,15473.887814303685
12.128848000000016,16771.488469599542
12.129097000000016,14652.014652016385
12.129325000000016,13582.34295416585
12.129643000000016,13400.335008396072
12.129914000000015,12519.561815344063
12.130240000000015,13986.013986013571
12.130553000000015,15968.063872259867
12.130812000000015,15968.063872259867
12.131054000000015,17897.091722618297
12.131313000000015,18348.623853262743
12.131501000000014,15936.254980107798
12.131749000000013,15936.254980107798
12.132003000000013,16806.72268910978
12.132251000000013,17429.193899807917
12.132479000000012,14571.948998192665
12.132710000000012,14466.54611211506
12.133028000000012,19047.619047615102
12.133263000000012,17699.115044277907
12.133448000000012,15779.092702203083
12.133715000000011,17167.381974270615
12.133955000000011,17505.470459555316
12.13418100000001,13675.21367523309
12.13441200000001,13793.10344829111
12.13476600000001,15841.584158402611
12.13499200000001,16227.180527366225
12.13527100000001,16129.032258062827
12.13548500000001,14466.54611211506
12.13576700000001,16563.14699795968
12.13603800000001,16260.162601642778
12.13625000000001,15238.095238104972
12.13653000000001,16326.53061227111
12.136775000000009,15810.276679852102
12.137020000000009,13245.03311256223
12.137281000000009,13651.877133101201
12.13762400000001,13136.288998380149
12.137867000000009,12139.605462843552
12.138233000000008,12718.60095389526
12.138526000000008,12499.999999987498
12.138862000000008,14466.54611211506
12.139166000000008,15444.015444028135
12.139415000000009,13937.282229957958
12.139684000000008,14678.89908255039
12.139989000000009,13864.818024267573
12.140229000000009,13816.92573402162
12.140566000000009,16771.488469599542
12.140808000000009,15444.015444028135
12.141043000000009,15444.015444028135
12.141326000000008,16129.032258062827
12.141561000000008,16129.032258062827
12.141822000000008,18433.179723490943
12.142057000000008,17467.248908294296
12.142256000000009,22857.142857196126
12.142515000000008,24096.385542152635
12.142606000000008,16806.722689047063
12.142847000000009,17738.359201774656
12.143082000000009,15624.999999984373
12.143298000000009,15748.031496064452
12.143594000000009,17543.85964913089
12.143806000000009,20725.38860100064
12.144050000000009,20512.820512849634
12.14419200000001,16806.72268910978
12.144440000000008,23054.755043250712
12.144668000000008,20460.358056241166
12.144787000000008,13513.513513489861
12.145059000000009,16064.257028101756
12.145379000000009,22408.96358547971
12.145557000000009,22727.272727307343
12.145736000000008,17621.145374468342
12.145909000000009,14414.414414452622
12.146190000000008,15414.258188859532
12.146464000000007,16806.72268910978
12.146709000000007,18475.750577399653
12.146940000000006,18018.018018022525
12.147142000000006,16913.319238918455
12.147384000000006,17582.417582465423
12.147615000000005,16194.33198381313
12.147839000000005,15564.20233460638
12.148109000000005,11904.761904765734
12.148353000000006,11816.838995575761
12.148781000000005,16326.530612211924
12.149030000000005,13355.592654398924
12.149271000000006,10767.160161508298
12.149629000000006,12841.091492794365
12.150014000000006,15009.380863067378
12.150252000000005,13840.830449849038
12.150547000000005,13333.333333324934
12.150830000000004,13986.013986013571
12.151147000000005,15414.258188859532
12.151402000000004,14466.54611211506
12.151666000000004,12841.09149275775
12.151955000000005,13008.13008130483
12.152289000000005,14787.43068391526
12.152570000000004,15655.5772993743
12.152830000000005,15533.980582522969
12.153081000000006,14362.657091592664
12.153345000000005,14598.540146026997
12.153638000000004,14598.540146026997
12.153893000000004,12759.170653913374
12.154186000000003,13377.92642140248
12.154520000000003,14652.014652016385
12.154784000000003,15748.031496064452
12.155066000000003,15904.57256460783
12.155292000000003,12882.4476650429
12.155569000000003,13445.378151247685
12.155913000000004,15444.015444028135
12.156164000000004,15296.367112828693
12.156431000000003,15238.095238104972
12.156687000000003,13840.830449849038
12.156956000000003,13536.379018612333
12.157265000000002,13840.8304498065
12.157547000000003,14492.753623168082
12.157843000000003,13536.379018612333
12.158099000000004,13223.140495863643
12.158434000000003,14388.489208644562
12.158704000000004,13422.818791950387
12.158990000000003,14234.87544482984
12.159300000000004,13050.570962489603
12.159552000000003,12678.288431056377
12.159913000000003,15564.20233460638
12.160183000000004,15810.276679852102
12.160427000000004,15384.615384619707
12.160689000000003,14598.540145979674
12.160947000000004,14869.888475869122
12.161237000000003,14336.917562728218
12.161485000000003,14109.347442675644
12.161795000000003,16000.00000003729
12.162052000000003,14842.300556590535
12.162295000000002,13559.322033880917
12.162591000000003,14545.454545441467
12.162885000000003,15779.092702147798
12.163141000000003,15209.125475265146
12.163392000000004,15065.913370983837
12.163667000000004,14869.888475820026
12.163923000000004,14184.39716310359
12.164205000000004,14260.249554338125
12.164487000000005,15209.125475265146
12.164766000000006,17582.41758239678
12.165013000000005,17738.359201774656
12.165221000000006,15810.276679852102
12.165464000000005,15296.36711277674
12.165727000000006,15384.615384567152
12.165987000000007,16563.146997898766
12.166247000000007,16666.666666680838
12.166470000000007,14842.300556590535
12.166727000000007,14814.814814790861
12.167009000000007,15717.092337887198
12.167267000000008,15037.593984969335
12.167518000000008,14059.75395433769
12.167799000000008,15151.51515153823
12.168087000000007,16064.257028101756
12.168327000000007,15037.593984969335
12.168585000000007,15717.092337942047
12.168859000000007,15624.999999984373
12.169094000000007,15238.095238104972
12.169371000000007,16260.162601642778
12.169619000000006,16701.4613778587
12.169863000000007,16161.616161590031
12.170098000000007,14981.273408238734
12.170358000000007,15065.913371034238
12.170632000000007,15296.367112828693
12.170889000000006,15936.254980107798
12.171155000000006,16460.90534983982
12.171391000000005,16913.319238918455
12.171641000000005,16427.10472280333
12.171864000000005,14492.75362321472
12.172128000000004,13937.282230001088
12.172416000000004,15355.086372387208
12.172702000000003,14953.271028057337
12.172937000000003,12903.225806459504
12.173237000000002,12251.14854518
12.173557000000002,14035.087719304713
12.173890000000002,16736.40167360205
12.174127000000002,16032.064128212836
12.174368000000003,16877.63713078283
12.174626000000004,17777.777777749034
12.174842000000003,15873.01587297902
12.175076000000004,14981.273408238734
12.175346000000005,14897.57914340125
12.175610000000004,15180.265654650564
12.175883000000004,14311.270125201485
12.176137000000004,13311.148086491323
12.176442000000005,17021.276595745752
12.176738000000006,18433.179723490943
12.176912000000005,14598.540145979674
12.177172000000006,17167.381974270615
12.177460000000005,15180.265654650564
12.177638000000005,14184.39716310359
12.177987000000005,16771.488469599542
12.178202000000006,16494.84536084506
12.178464000000005,14571.948998192665
12.178687000000005,13698.630136988228
12.179013000000005,14010.507880891904
12.179271000000005,13289.036544835983
12.179584000000006,13289.036544835983
12.179873000000006,15296.367112828693
12.180186000000006,17467.248908362042
12.180396000000005,15384.615384619707
12.180644000000004,14760.147601444625
12.180916000000005,14842.300556590535
12.181186000000006,14336.917562728218
12.181455000000005,15999.999999980446
12.181744000000005,17130.62098499459
12.181955000000006,14234.87544482984
12.182211000000006,15122.873345929333
12.182517000000006,16771.488469599542
12.182740000000006,17897.091722618297
12.182994000000006,17937.21973093493
12.183187000000006,13651.877133101201
12.183440000000006,13722.126929700227
12.183773000000006,17167.381974270615
12.184023000000005,15873.015873034965
12.184239000000005,14652.014652016385
12.184527000000005,16842.105263165653
12.184785000000005,17167.381974270615
12.185002000000004,14981.273408238734
12.185251000000004,15810.276679852102
12.185536000000004,16494.84536084506
12.185757000000004,15686.27450979677
12.186021000000004,16949.152542363903
12.186267000000004,16227.180527424694
12.186493000000004,15384.615384619707
12.186760000000003,15686.27450979677
12.187013000000004,15151.51515153823
12.187270000000003,16494.84536084506
12.187541000000003,19704.433497541486
12.187755000000003,18823.52941176924
12.187947000000003,15122.873345929333
12.188180000000003,14492.753623168082
12.188476000000003,17316.017315993755
12.188732000000003,18264.84018261393
12.188938000000004,15384.615384619707
12.189170000000004,16227.180527424694
12.189458000000004,15810.276679852102
12.189663000000003,14388.489208644562
12.189964000000003,17543.85964913089
12.190219000000003,17391.304347812893
12.190420000000003,17429.193899807917
12.190679000000003,17204.30107526291
12.190879000000002,15841.584158402611
12.191144000000003,18604.651162803315
12.191384000000003,18648.018647998793
12.191574000000003,16528.925619829555
12.191813000000003,15936.254980107798
12.192058000000003,15810.276679852102
12.192315000000002,14678.89908255039
12.192564000000003,14652.014652016385
12.192860000000003,15810.276679852102
12.193110000000003,15624.999999984373
12.193366000000003,16359.91820041028
12.193622000000003,19801.98019803809
12.193855000000003,21276.595744722395
12.194026000000003,18264.840182688007
12.194231000000002,16260.162601642778
12.194464000000002,15810.276679852102
12.194723000000002,18264.840182688007
12.194970000000001,18058.690744967425
12.195161,16985.13800427434
12.195413,16359.91820041028
12.195632,14492.753623168082
12.195902,14869.888475820026
12.196184,13986.013986013571
12.19644,13913.043478271804
12.196756,15999.999999980446
12.197015,16877.63713078283
12.197256000000001,14705.882352950479
12.197489000000001,15841.584158402611
12.1978,20050.125313292447
12.197994000000001,20887.728459565144
12.198199,18957.345971547515
12.198377,18058.69074489501
12.198621000000001,18691.58878507167
12.198820000000001,18140.58956921935
12.199049,16129.032258062827
12.199261,15122.873345929333
12.199545,18735.362997650303
12.19979,21333.333333332524
12.199972,18058.690744967425
12.200165,16877.637130846084
12.200415,19047.619047615102
12.200638999999999,16494.845360784646
12.200835,16064.257028101756
12.201124,16913.319238918455
12.201333,17278.617710587627
12.201597,18223.23462414254
12.201796,17391.304347812893
12.202036,18140.58956914628
12.202256,18099.547511328212
12.202477,18475.750577399653
12.202698,21164.02116404662
12.20291,22922.636103156285
12.203076,20151.133501282966
12.203259,16985.13800427434
12.203472999999999,18912.529550844498
12.203729999999998,22099.447513759555
12.203895999999999,18735.362997650303
12.204092,17582.417582465423
12.204322999999999,19417.475728203943
12.204546999999998,18604.651162803315
12.204734999999998,16771.488469599542
12.204976999999998,18264.84018261393
12.205211999999998,18561.48491876179
12.205414999999999,16666.666666680838
12.205642999999998,15873.015873034965
12.205894999999998,18691.58878507167
12.206146999999998,18779.3427230422
12.206322999999998,17057.569296413727
12.206572999999997,16949.152542363903
12.206791999999997,17937.21973093493
12.207044999999997,19138.75598087006
12.207237999999997,17167.381974205175
12.207462999999997,16666.66666661916
12.207703999999998,17241.379310311084
12.207942999999998,18691.588784994095
12.208167999999999,18390.80459764638
12.208371,18648.018647998793
12.208603,18306.63615561484
12.2088,16064.257028101756
12.20904,15655.5772993743
12.209298,15444.015443975173
12.209551000000001,14732.965009197134
12.209816000000002,15009.380863067378
12.210094000000002,15384.615384619707
12.210349,17937.21973093493
12.210614000000001,21164.02116404662
12.210795000000001,19093.078758911815
12.210992000000001,18779.34272296389
12.211214000000002,18561.48491876179
12.211418000000002,17204.30107526291
12.211645000000003,16194.33198381313
12.211883000000002,14925.373134319614
12.212139000000002,14492.753623168082
12.212419000000002,15748.031496064452
12.212691000000003,16949.15254242769
12.212927000000002,17699.115044277907
12.213163000000002,18735.362997650303
12.213379000000002,16985.13800421028
12.213590000000002,16701.4613778587
12.213850000000003,16293.279022395252
12.214069000000002,16842.10526310267
12.214341000000003,17094.017093963503
12.214544000000004,16701.4613778587
12.214809000000004,19559.902200515895
12.215023000000004,17094.017094028386
12.215218000000004,15594.541910338568
12.215491000000004,16949.152542363903
12.215731000000003,16528.925619829555
12.215963000000004,17316.017316060337
12.216215000000004,17130.620985059755
12.216425000000003,16949.152542363903
12.216682000000002,17278.617710587627
12.216897000000003,16460.90534983982
12.217145000000002,17505.470459555316
12.217383000000002,18018.018018022525
12.217602000000001,17021.276595745752
12.217827000000002,16949.152542363903
12.218072000000001,16736.40167360205
12.218299000000002,16227.180527366225
12.218550000000002,15624.999999984373
12.218792000000002,14981.273408238734
12.219062000000003,15267.17557250705
12.219326000000002,16032.064128212836
12.219586000000003,17057.569296349124
12.219825000000004,16949.152542363903
12.220055000000004,16260.162601642778
12.220297000000004,16842.105263165653
12.220547000000003,15779.092702147798
12.220772000000004,14059.753954293796
12.221054000000004,15180.265654650564
12.221341000000004,16293.279022395252
12.221581000000004,16161.616161590031
12.221832000000004,15037.593984969335
12.222076000000005,14519.056261349702
12.222364000000004,16161.616161590031
12.222627000000005,18475.75057732386
12.222859000000005,16736.40167360205
12.223060000000006,15037.593984969335
12.223337000000006,16032.064128269907
12.223592000000005,16913.319238918455
12.223836000000006,16260.162601642778
12.224065000000005,17817.371937651118
12.224328000000005,17937.21973093493
12.224514000000005,16842.10526310267
12.224774000000005,16806.722689047063
12.224989000000006,15968.063872259867
12.225250000000006,19230.76923079106
12.225490000000006,18223.23462414254
12.225666000000006,13961.605584616775
12.225929000000006,14732.965009197134
12.226239000000007,16842.105263165653
12.226472000000006,16666.666666680838
12.226714000000007,16842.105263165653
12.226952000000006,17621.145374468342
12.227189000000006,18518.518518519035
12.227406000000006,16460.905349779656
12.227621000000006,13769.363166944362
12.227892000000006,13445.378151247685
12.228202000000007,17353.579175720024
12.228487000000007,15355.086372387208
12.228663000000006,11510.79136693036
12.229008000000006,14571.948998192665
12.229358000000005,16494.84536084506
12.229557000000005,14678.899082598233
12.229843000000004,17582.41758239678
12.230102000000004,21798.36512257587
12.230298000000005,17699.115044277907
12.230469000000005,12195.121951232082
12.230750000000004,10403.120936280618
12.231125000000004,13559.322033880917
12.231519000000004,11678.832116776168
12.231715000000005,11065.006915618682
12.232204000000005,12678.288431056377
12.232438000000005,10810.810810804865
12.232835000000005,12499.999999987498
12.233178000000006,17467.248908294296
12.233475000000006,16913.319238918455
12.233636000000006,13223.14049590247
12.233948000000005,13745.704467362493
12.234241000000004,12345.679012346023
12.234530000000005,13071.895424830642
12.234889000000004,14059.753954293796
12.235142000000005,12882.4476650429
12.235458000000005,11396.011396004506
12.235763000000006,10695.187165778992
12.236160000000005,9389.671361501521
12.236511000000005,10178.117048349535
12.237012000000005,15968.063872259867
12.237297000000005,17699.115044277907
12.237513000000005,16597.51037344841
12.237749000000004,15009.380863017355
12.237995000000005,13605.442176859711
12.238282000000005,12841.09149275775
12.238583000000006,13745.704467320538
12.238905000000006,15748.031496064452
12.239165000000007,12800.000000011642
12.239413000000006,10796.221322542086
12.239790000000006,11080.332409977404
12.240154000000006,10457.516339876654
12.240512000000006,10568.031704118253
12.240919000000005,14732.965009245332
12.241269000000004,15717.092337942047
12.241462000000004,12232.41590215855
12.241778000000004,11004.126547463196
12.242116000000003,11080.332409977404
12.242505000000003,14159.292035400067
12.242838000000003,17316.017315993755
12.243070000000003,12461.059190013304
12.243300000000003,10243.277848912692
12.243712000000004,11940.29850747152
12.244081000000003,11577.424023158615
12.244382000000003,11299.435028256778
12.244772000000003,12539.18495297097
12.245090000000003,12598.42519683394
12.245410000000003,12251.14854518
12.245725000000004,11994.002998501232
12.246063000000003,11799.41002948769
12.246392000000004,13179.571663910756
12.246741000000004,13888.888888874999
12.246999000000004,13793.10344829111
12.247317000000004,13675.21367523309
12.247579000000004,13333.333333324934
12.247902000000003,10869.56521739355
12.248179000000004,11816.838995575761
12.248638000000003,16359.91820041028
12.248856000000004,14678.899082598233
12.249127000000003,12422.360248458339
12.249401000000002,13605.442176859711
12.249771000000003,16666.666666680838
12.249989000000003,13377.92642140248
12.250251000000002,12987.012986995318
12.250587000000003,12012.012011998997
12.250867000000003,11396.011396004506
12.251253000000004,14260.249554383277
12.251569000000003,15779.092702203083
12.251814000000003,16227.180527424694
12.252076000000002,15655.577299428722
12.252307000000002,12519.561815344063
12.252587000000002,12364.760432786607
12.252946000000001,13445.378151287825
12.253234,13840.830449849038
12.253541,15936.254980107798
12.253812,14760.147601493
12.254043,13333.333333324934
12.254354,13769.363166944362
12.254643,13468.013468023913
12.254935,13468.013468023913
12.255237,15238.095238104972
12.255529,14440.433213015227
12.255761999999999,15065.913371034238
12.256082999999999,15748.031496064452
12.256292999999998,14440.433212968926
12.256590999999998,15564.20233460638
12.256846999999999,15936.254980051408
12.257105,15936.254980051408
12.257349,16096.579476826191
12.257607,17543.85964913089
12.257846,13201.320132025394
12.258063,11126.564673155055
12.258452,13289.036544835983
12.258782,15209.125475265146
12.259054,14760.147601493
12.259308,13311.148086530666
12.259596,14814.814814790861
12.259909,15968.063872259867
12.260136000000001,16666.666666680838
12.26041,19704.433497541486
12.260616,12718.60095389526
12.260816,10840.10840108214
12.261245,13769.363166944362
12.261554,14571.948998145515
12.261826000000001,14109.347442675644
12.262103000000002,14705.882352950479
12.262393000000001,15180.265654650564
12.262647000000001,14336.917562728218
12.262920000000001,16129.032258062827
12.263205000000001,16666.666666680838
12.263416000000001,16359.91820041028
12.263685,17505.47045948727
12.263905000000001,16359.91820041028
12.264142000000001,16194.33198381313
12.264394000000001,18099.547511328212
12.264636000000001,16528.925619829555
12.264836,16064.257028101756
12.265120000000001,17021.276595745752
12.265334000000001,15686.27450979677
12.265590000000001,14084.507042266965
12.265844000000001,13029.315960937894
12.266158,12030.075187975468
12.266458,13029.3159609002
12.266823,15180.265654650564
12.267072,14336.917562728218
12.26735,14466.54611211506
12.26763,15009.380863017355
12.267903,14492.753623168082
12.268163000000001,15841.584158402611
12.268455000000001,17278.617710587627
12.268668000000002,16293.279022395252
12.268918000000001,16771.488469599542
12.269159000000002,15355.086372387208
12.269395000000001,13913.043478271804
12.269680000000001,14159.292035400067
12.26997,15267.17557250705
12.270245000000001,15151.515151487256
12.270494000000001,14925.373134319614
12.270773000000002,15686.27450979677
12.271030000000001,16427.10472274341
12.271283000000002,15841.584158402611
12.271517000000003,14981.273408238734
12.271788000000003,15238.095238104972
12.272051000000003,15296.367112828693
12.272313000000002,14760.147601493
12.272574000000002,15094.339622656451
12.272855000000002,16806.722689047063
12.273104000000002,15094.339622605861
12.273331000000002,15094.339622605861
12.273634000000003,14842.300556590535
12.273861000000004,13355.592654438531
12.274173000000003,14925.373134319614
12.274460000000003,16806.722689047063
12.274709000000003,17660.04415010029
12.274936000000004,17429.193899807917
12.275162000000003,14388.489208644562
12.275395000000003,13513.51351353041
12.275718000000003,14869.888475869122
12.275987000000002,15065.913371034238
12.276256000000002,17429.193899807917
12.276518000000001,17897.091722618297
12.276715000000001,16842.105263165653
12.276965,16563.146997898766
12.277190000000001,14869.888475820026
12.277448000000001,16096.579476883722
12.277728000000002,17021.276595745752
12.277945,15655.5772993743
12.278198000000001,15968.063872259867
12.278456000000002,15968.063872259867
12.278699000000001,15936.254980051408
12.278957000000002,17204.30107526291
12.279201000000002,18140.58956914628
12.279422000000002,17699.11504420835
12.279642000000003,15999.999999980446
12.279874000000003,14571.948998192665
12.280142000000003,16194.33198381313
12.280423000000003,18099.547511328212
12.280636000000003,16427.10472280333
12.280865000000002,15037.593984969335
12.281123000000003,15904.572564663997
12.281397000000002,18957.345971627314
12.281626000000001,18306.63615561484
12.281819,15473.887814303685
12.282063,16326.53061227111
12.282336,18823.52941176924
12.282553,17167.381974205175
12.282761,16326.530612211924
12.283019000000001,14571.948998145515
12.283251000000002,13245.03311256223
12.283568000000002,14897.57914340125
12.283855000000003,15841.584158458334
12.284105000000002,15355.086372387208
12.284360000000001,15094.339622656451
12.284626000000001,17777.77777781921
12.28489,17429.193899807917
12.285076,17278.617710587627
12.285349,17977.52808992236
12.285539,16064.257028159058
12.285794,16949.15254242769
12.286036999999999,17316.017316060337
12.286265999999998,17391.304347812893
12.286498999999997,15904.57256460783
12.286725999999998,15238.095238104972
12.287001999999998,17094.017094028386
12.287250999999998,16563.14699795968
12.287469999999997,16985.13800427434
12.287733999999997,20779.220779240444
12.287940999999996,16032.064128269907
12.288118999999996,15717.092337942047
12.288439999999996,20779.220779240444
12.288627999999996,20100.5025125343
12.288824999999996,15936.254980051408
12.289025999999996,15655.577299428722
12.289326999999997,18058.690744967425
12.289536999999996,17660.04415010029
12.289769999999995,18823.52941176924
12.289989999999996,18779.3427230422
12.290194999999995,16597.51037344841
12.290415999999995,17621.145374468342
12.290676999999995,20202.02020200566
12.290869999999995,18348.623853187986
12.291072999999995,17204.30107526291
12.291305999999995,17977.5280898506
12.291537999999996,19417.475728120222
12.291750999999996,18912.529550844498
12.291949999999996,19656.019656060318
12.292173999999996,17353.579175720024
12.292356999999996,14842.300556590535
12.292634999999995,16359.91820041028
12.292895999999995,18691.58878507167
12.293123999999995,16161.616161648028
12.293323999999995,15564.202334660169
12.293618999999994,18691.58878507167
12.293837999999994,17738.359201774656
12.294046999999994,16260.162601642778
12.294288999999994,15748.031496064452
12.294538999999993,15904.57256460783
12.294796999999994,15325.670498080373
12.295041999999993,16949.152542363903
12.295318999999994,20997.375328134884
12.295513999999994,19002.37529694197
12.295699999999993,19047.619047615102
12.295934999999993,17241.379310311084
12.296119999999993,16293.279022395252
12.296398999999994,18779.3427230422
12.296610999999993,18475.750577399653
12.296824999999993,17130.620985059755
12.297043999999993,16877.637130846084
12.297291999999992,16227.180527424694
12.297517999999991,16064.257028159058
12.29778499999999,16806.72268910978
12.29801599999999,16494.84536084506
12.29826099999999,16985.13800427434
12.29850099999999,19370.460048426306
12.298731999999989,22535.211267556668
12.29891399999999,19138.75598087006
12.29908699999999,15473.887814303685
12.299331999999989,16393.442622926967
12.29960399999999,16293.279022395252
12.29981999999999,16949.152542363903
12.30009499999999,21052.63157895707
12.30029199999999,17699.115044277907
12.30047499999999,15968.063872259867
12.30074399999999,15655.5772993743
12.30097599999999,14814.814814790861
12.30125499999999,14842.300556590535
12.30151599999999,14869.888475820026
12.30179399999999,15999.999999980446
12.302053999999991,15094.339622656451
12.302293999999991,14184.397163148264
12.30258399999999,15841.584158458334
12.30285799999999,18058.690744967425
12.30308899999999,19230.76923079106
12.303300999999989,17817.371937651118
12.303504999999989,15936.254980107798
12.303749999999988,16877.637130846084
12.304006999999988,19607.843137331332
12.304223999999987,17391.30434788005
12.304414999999986,17660.04415010029
12.304683999999986,18912.529550765074
12.304867999999987,18648.018647998793
12.305106999999987,17353.579175720024
12.305296999999987,15267.17557250705
12.305567999999987,17543.859649062546
12.305820999999987,19093.078758911815
12.306023999999988,16949.152542363903
12.306239999999988,18099.547511328212
12.306495999999989,17167.381974270615
12.306681999999988,13888.888888874999
12.306961999999988,16032.064128212836
12.307257999999988,17130.62098499459
12.30746099999999,15414.258188859532
12.307724999999989,17937.21973100637
12.307979999999988,18223.23462421628
12.308170999999987,15655.577299428722
12.308418999999986,16736.40167360205
12.308681999999987,18561.48491876179
12.308896999999988,17021.276595745752
12.309112999999988,15810.276679852102
12.309366999999988,16359.91820041028
12.309618999999987,14869.888475820026
12.309855999999987,14842.300556590535
12.310156999999988,16528.925619829555
12.310394999999987,16427.10472274341
12.310640999999988,16701.4613778587
12.310881999999989,15238.095238104972
12.311119999999988,15151.515151487256
12.311406999999988,16913.319238854936
12.31164799999999,18058.69074489501
12.31187999999999,15414.258188806774
12.31209099999999,12799.999999975262
12.31239899999999,15037.593984919124
12.312715999999991,16666.66666661916
12.312930999999992,14705.88235290246
12.313195999999992,15065.913370983837
12.313474999999993,16427.10472280333
12.313726999999993,16528.925619829555
12.313961999999993,16326.530612211924
12.314210999999993,12326.656394433823
12.314451999999994,11594.202898541927
12.314859999999994,15238.095238104972
12.315141999999994,16666.666666680838
12.315384999999994,15936.254980051408
12.315621999999994,15717.092337887198
12.315886999999995,17817.371937651118
12.316130999999995,18518.518518519035
12.316335999999994,17467.248908294296
12.316562999999995,16666.666666680838
12.316793999999994,16632.0166319952
12.317042999999995,16460.905349779656
12.317274999999995,16632.0166319952
12.317528999999995,16563.146997898766
12.317755999999996,15094.339622656451
12.318011999999996,14897.57914340125
12.318285999999995,15094.339622656451
12.318548999999996,16260.162601642778
12.318815999999995,16393.442622926967
12.319040999999995,14234.87544482984
12.319303999999995,13793.10344829111
12.319602999999995,15936.254980107798
12.319883999999995,16949.152542363903
12.320104999999995,15180.265654650564
12.320355999999995,14035.087719304713
12.320631999999994,14440.433212968926
12.320925999999995,17817.37193758063
12.321185999999996,18306.63615561484
12.321374999999996,15686.274509851406
12.321622999999995,16227.180527424694
12.321884999999995,16359.91820041028
12.322115999999994,17204.30107526291
12.322373999999995,14787.43068391526
12.322580999999994,12383.900928798275
12.322914999999995,12012.012012031037
12.323226999999994,13422.818791950387
12.323580999999994,16494.84536084506
12.323822999999994,15037.593984969335
12.324065999999993,13840.8304498065
12.324354999999994,13698.630136988228
12.324643999999994,10000.0000000011
12.324938999999993,10349.28848640881
12.325443999999994,15384.615384619707
12.325711999999994,15355.086372387208
12.325963999999994,17021.276595745752
12.326232999999993,17505.47045948727
12.326433999999994,15936.254980051408
12.326689999999994,16194.33198381313
12.326935999999995,14234.875444874833
12.327183999999994,14678.899082598233
12.327497999999993,16842.105263165653
12.327728999999993,16032.064128269907
12.327972999999993,15686.274509851406
12.328227999999992,15748.031496064452
12.328482999999991,16227.180527366225
12.328735999999992,14981.273408238734
12.328975999999992,12779.552715645572
12.329269999999992,13071.895424830642
12.329601999999992,10403.120936280618
12.329881999999992,8629.989212506145
12.330370999999992,11157.6011157347
12.330808999999993,14184.39716310359
12.331087999999994,13651.877133101201
12.331372999999994,13136.288998341834
12.331673999999994,12048.192771076318
12.331981999999995,10309.278350514003
12.332337999999995,10152.28426395925
12.332757999999995,10869.56521739355
12.333125999999995,11527.377521625356
12.333493999999995,11412.26818831225
12.333819999999994,12519.561815344063
12.334194999999994,12924.071082383243
12.334458999999994,10825.43978347428
12.334813999999994,11204.481792711978
12.335197999999995,12158.05471125353
12.335527999999995,12403.10077518513
12.335855999999994,12598.42519683394
12.336172999999995,10709.50468540117
12.336490999999995,13266.998341627206
12.336919999999996,20997.375328134884
12.337093999999995,12288.786482344061
12.337300999999995,8938.547486034837
12.337744999999995,10191.082802541543
12.338195999999995,11869.4362017793
12.338529999999995,13114.754098360669
12.338869999999995,15503.875968960063
12.339139999999995,16161.616161590031
12.339385999999996,14678.89908255039
12.339634999999996,14311.270125201485
12.339930999999996,13913.043478271804
12.340193999999997,11976.047904205516
12.340505999999996,11111.11111112056
12.340861999999996,12139.605462843552
12.341225999999995,9456.264775422249
12.342071999999995,10256.410256424817
12.342577999999994,11126.564673182544
12.342851999999993,8213.552361401666
12.343296999999993,8839.779005529848
12.343825999999993,10596.026490068483
12.344201999999992,10767.160161508298
12.344580999999993,12718.60095389526
12.344944999999992,15296.36711277674
12.345209999999993,13864.818024267573
12.345467999999993,13769.36316698646
12.345786999999993,11904.761904765734
12.346048999999992,8752.735229760647
12.346458999999992,8667.388949076938
12.346962999999992,9060.022650056962
12.348425999999991,9913.258983890928
12.348895999999991,11347.517730497168
12.349232999999991,9195.40229886074
12.349600999999991,8752.735229760647
12.35010299999999,8968.609865467464
12.35051499999999,10430.247718386845
12.35099499999999,13651.877133101201
12.35128199999999,12213.740458013921
12.35158099999999,10362.694300524165
12.35193699999999,8978.675645349274
12.35282799999999,8163.265306120758
12.35343399999999,9205.983889511635
12.354302999999991,8221.993833503673
12.355275999999991,10610.07957558855
12.355863999999992,25974.025973990636
12.356029999999992,29629.629629581723
12.356171999999992,31372.549019484268
12.356299999999992,33472.8033472041
12.356426999999993,41666.666666624995
12.356538999999993,41884.81675372047
12.356618999999993,40404.040403830084
12.356729999999994,47058.82352922641
12.356816999999994,45714.28571416024
12.356899999999994,40816.32653045582
12.356991999999995,41237.113401961615
12.357095999999995,44943.820224716204
12.357185999999995,44943.820224716204
12.357273999999995,40404.040403830084
12.357363999999995,40816.32653045582
12.357471999999996,44943.820224716204
12.357559999999996,44943.820224716204
12.357649999999996,39603.96039607618
12.357737999999996,39800.99502476437
12.357851999999996,44444.44444437258
12.357938999999996,43715.846994577994
12.358031999999996,44692.73743035159
12.358121999999996,43715.846994577994
12.358210999999995,43715.846994577994
12.358304999999996,44444.44444481119
12.358393999999995,43956.04395633517
12.358484999999995,43715.846994577994
12.358575999999994,43715.846994577994
12.358667999999994,43715.846994577994
12.358758999999994,43243.24324321946
12.358850999999994,43010.752688321576
12.358943999999994,43010.752688321576
12.359036999999994,43478.26086978408
12.359129999999993,43478.26086978408
12.359220999999993,43010.752688321576
12.359313999999992,43010.752688321576
12.359406999999992,43243.24324321946
12.359499999999992,42780.74866301437
12.359591999999992,42553.19148944479
12.359686999999992,42553.19148944479
12.359779999999992,42553.19148944479
12.359874999999992,42553.19148944479
12.359967999999991,42780.74866301437
12.360062999999991,42780.74866301437
12.360154999999992,42328.04232789432
12.360249999999992,42328.04232789432
12.360343999999992,42328.04232789432
12.360438999999992,42105.26315791414
12.360532999999993,42328.042328292155
12.360628999999992,42328.042328292155
12.360721999999992,41884.81675411002
12.360817999999991,41884.81675411002
12.360912999999991,41884.81675411002
12.36100899999999,41884.81675411002
12.36110399999999,42105.26315791414
12.36119999999999,41884.81675372047
12.36129399999999,41884.81675372047
12.36139099999999,41884.81675372047
12.361484999999991,41450.77720219203
12.361581999999991,41237.1134023392
12.36167799999999,41884.81675411002
12.36177599999999,41450.77720219203
12.36186899999999,41450.77720219203
12.36196899999999,42328.042328292155
12.36206199999999,41450.77720219203
12.362157999999988,41025.64102569927
12.362254999999989,41237.1134023392
12.362352999999988,41666.66666701049
12.362448999999987,41884.81675411002
12.362544999999987,41025.64102569927
12.362639999999987,41450.77720219203
12.362739999999986,41884.81675411002
12.362832999999986,40609.137055837
12.362930999999985,41025.64102569927
12.363029999999986,41025.64102569927
12.363125999999985,36363.636363544945
12.363224999999986,36199.095022656424
12.363345999999986,41450.77720219203
12.363445999999986,42328.042328292155
12.363538999999985,36697.247706675
12.363634999999984,27210.88435388383
12.363756999999984,28070.175438609425
12.363928999999983,30303.03030287256
12.364041999999984,27586.206896413245
12.364192999999984,25974.025973990636
12.364331999999985,19370.460048426306
12.364500999999985,10624.169986726001
12.364744999999985,10165.18424397756
12.365253999999984,12030.075187975468
12.365531999999984,11510.79136690094
12.365918999999984,13651.877133101201
12.366226999999984,12558.869701740005
12.366504999999984,10191.082802564604
12.366863999999984,11577.424023158615
12.367289999999983,14134.275618350719
12.367554999999983,14519.056261349702
12.367855999999984,11065.006915645867
12.368105999999983,8429.926238142656
12.368578999999983,8667.388949076938
12.369054999999983,8948.545861309149
12.369501999999983,10243.277848912692
12.369948999999982,9840.098400973833
12.372922999999982,11111.111111093145
12.373227999999983,9248.554913284064
12.373642999999984,8762.322015328231
12.374092999999984,9638.554216861054
12.412246999999988,13468.013468023913
12.412654999999988,19230.76923079106
12.412840999999988,17429.193899807917
12.413070999999988,19370.460048426306
12.413299999999987,19047.619047615102
12.413483999999988,17130.620985059755
12.413719999999987,16293.279022395252
12.413950999999987,11611.030478933573
12.414210999999987,10126.58227847729
12.415929999999987,8565.310492513587
12.455758999999983,8121.827411182047
12.464408999999984,10416.666666656249
12.470444999999984,9546.539379476144
12.492402999999987,14059.753954293796
12.492706999999987,16666.66666661916
12.492971999999988,15238.095238053415
12.493186999999988,13986.013986013571
12.493496999999989,13201.320132025394
12.493758999999988,9132.420091325484
12.494102999999988,8898.776418238263
12.494634999999988,9950.248756213075
12.495001999999989,8205.128205124904
12.502726999999988,9205.983889530455
12.534379999999988,8213.552361401666
12.566142999999984,8483.563096489299
12.578633999999985,8695.652173906446
12.582372999999986,8938.547486034837
12.586638999999986,8639.308855293813
12.591038999999984,10335.917312663763
12.591503999999984,8583.690987135307
12.596865999999983,11644.832605514475
12.597227999999983,16032.064128269907
12.597552999999984,21505.376344160788
12.597726999999983,21563.34231809097
12.597924999999982,25723.472668814407
12.598097999999982,35087.71929826178
12.598235999999982,44692.73743035159
12.598325999999982,45197.74011325391
12.598414999999981,44198.89502773599
12.598502999999981,44692.73743035159
12.598595999999981,39603.96039607618
12.59868199999998,39603.96039607618
12.59879799999998,44692.73743035159
12.59888399999998,43956.04395633517
12.59897699999998,43956.04395633517
12.59906599999998,43478.26086978408
12.599158999999979,43956.04395633517
12.599249999999978,43715.846994577994
12.599340999999978,43715.846994577994
12.599432999999978,43715.846994577994
12.599523999999978,43956.04395590615
12.599615999999978,43715.846994577994
12.599705999999978,42553.19148944479
12.599798999999978,43243.24324321946
12.599893999999978,43715.846994577994
12.599983999999978,42553.19148944479
12.600076999999978,43243.24324321946
12.600171999999978,43243.24324321946
12.600261999999978,42553.19148944479
12.600356999999978,43243.24324321946
12.600449999999977,43243.24324321946
12.600541999999978,42780.74866301437
12.600634999999977,43010.75268791081
12.600728999999978,43010.75268791081
12.600820999999979,41884.81675372047
12.60091499999998,42553.19148944479
12.60101199999998,42780.74866342075
12.601102999999979,42105.26315791414
12.601198999999978,42553.19148904272
12.601292999999979,42328.04232789432
12.60138699999998,42328.04232789432
12.60148199999998,38095.238095069086
12.60157599999998,36697.24770637597
12.60169199999998,41666.666666624995
12.60179399999998,42780.74866301437
12.60188399999998,42105.26315791414
12.60198099999998,42553.19148944479
12.60207399999998,41450.77720219203
12.60216899999998,42105.26315791414
12.60226699999998,37735.84905638818
12.60235899999998,36866.35944683099
12.602478999999981,41884.81675372047
12.602575999999981,42105.26315791414
12.602669999999982,41237.1134023392
12.602765999999981,41666.666666624995
12.60286399999998,37558.68544592778
12.602957999999981,37037.03703703807
12.603076999999981,41666.666666624995
12.603173999999981,41666.666666624995
12.603268999999981,40404.040403830084
12.603365999999982,41450.777201810524
12.603466999999982,42553.19148944479
12.603558999999983,41025.64102569927
12.603654999999982,41025.64102569927
12.603753999999983,41884.81675411002
12.603849999999982,37383.17757014334
12.603944999999982,33195.02074701916
12.604063999999982,37558.685446241005
12.60418599999998,33613.44537821956
12.60427699999998,30075.18796993867
12.60442399999998,33472.8033472041
12.60454299999998,28169.014084445836
12.60466299999998,26058.63192187579
12.60482699999998,18867.924528352185
12.60496999999998,9937.888198761188
12.60577499999998,8648.648648643892
12.60639399999998,11267.605633806525
12.60669999999998,9029.34537246561
12.625771999999978,9768.009768010923
12.63318399999998,8556.14973261913
12.68022199999998,9603.841536613681
12.802866999999978,8213.552361401666
12.805360999999976,8230.452674889828
12.805827999999977,8695.652173906446
12.806332999999977,9142.85714285061
12.806747999999978,8138.351983725497
12.817713999999974,9422.85041224367
12.825233999999973,8230.45267490487
12.886601999999971,9673.518742451395
12.887038999999971,9302.325581401657
12.89340899999997,8403.361344539211
12.896336999999969,8385.744234799771
12.89933899999997,8869.179600887328
12.938119999999968,9422.85041224367
12.938598999999968,10000.0000000011
12.938968999999968,8024.072216650637
12.939398999999968,8547.008547014193
12.939965999999968,9111.617312089704
12.948038999999964,12658.227848110842
12.948407999999963,11267.605633806525
12.948670999999964,9174.311926612683
12.949117999999963,8667.388949076938
12.949542999999963,10767.160161508298
12.950040999999963,9456.264775422249
13.016962999999961,8016.032064120685
13.032457999999961,9685.230024213153
13.054259999999957,11142.06128132332
13.055891999999957,9779.951100236709
13.067535999999958,8342.022940563676
13.074451999999958,8483.56309650528
13.078830999999957,9132.420091306965
13.082106999999958,8752.735229760647
13.084854999999957,8247.422680407426
13.087143999999956,8583.690987135307
13.088692999999955,8948.545861291368
13.089155999999955,8859.357696557321
13.089586999999955,8752.735229760647
13.090058999999956,12139.605462843552
13.090500999999955,13179.571663949324
13.090717999999955,14336.917562728218
13.091107999999954,20304.5685279185
13.091275999999954,10471.204188478812
13.092039999999955,8080.808080809515
13.093029999999954,8492.569002121156
13.143534999999954,9132.420091325484
13.144012999999953,10540.1844532224
13.163917999999953,8648.648648643892
13.164401999999953,8230.452674889828
13.169772999999953,9216.589861745471
13.221857999999957,8928.5714285625
13.237307999999956,8179.95910020514
13.251926999999956,8421.052631582827
13.282044999999954,9039.548022596351
13.286009999999955,8163.265306120758
13.30293299999995,9779.951100257947
13.30331799999995,9060.022650056962
13.303750999999949,9132.420091325484
13.334612999999948,8714.596949887095
13.361181999999951,8307.372793365188
13.395483999999952,10062.893081759725
13.395824999999952,8281.573498964612
13.427241999999955,9324.0093240187
13.444502999999958,8705.114254627717
13.445027999999958,11577.424023158615
13.456108999999957,10362.69430050032
13.531145999999968,8519.70181043038
13.531641999999968,8519.70181043038
13.54731399999997,9456.264775402393
13.54781399999997,8429.926238142656
13.581150999999968,8705.114254627717
13.593702999999968,8024.07221663634
13.672835999999968,9569.377990414698
13.67615699999997,11834.319526621215
13.680626999999971,10457.516339876654
13.68108099999997,8724.10032715956
13.68253599999997,8281.573498964612
13.686260999999972,8592.910848553905
13.687781999999972,8056.394763348632
13.689908999999972,8958.566629325613
13.690486999999973,9411.76470588462
13.699452999999973,8733.624454147148
13.701269999999974,8056.394763348632
13.80193099999997,8032.128514050878
13.813446999999972,8456.659619459228
13.813933999999971,10899.182561314312
13.81439299999997,12658.227848110842
13.81466799999997,8648.6486486605
13.81720699999997,9638.554216861054
13.833022999999972,9815.950920253299
13.833400999999972,8438.81856540723
13.83515899999997,8130.081300821389
13.83570999999997,8938.547486034837
13.837694999999972,8273.009307141681
13.84150499999997,8918.61761426832
13.84193399999997,8000.000000004434
13.84430299999997,9900.990098997278
13.84475999999997,10269.576379979058
13.84511099999997,9456.264775422249
13.84553899999997,9456.264775422249
13.84595699999997,8958.566629343433
13.84684999999997,8686.21064060851
13.84742199999997,9987.515605503564
13.84777099999997,9433.96226415633
13.848222999999969,9650.180940898175
13.84861899999997,8869.179600887328
13.849051999999968,8447.729672650197
13.849520999999969,8888.888888892061
13.851061999999969,8465.60846561069
13.85147199999997,8163.265306135555
13.852006999999968,9227.220299889907
13.852451999999968,9962.640099611272
13.852873999999968,9070.29478457314
13.853254999999969,8447.729672650197
13.854837999999969,8839.779005529848
13.855291999999968,9101.251422076664
13.855742999999968,10012.515644569681
13.856170999999968,9489.91696322989
13.856541999999967,8771.929824565445
13.857013999999968,9756.097560985667
13.857453999999967,10025.062656646223
13.857833999999967,9661.835748789086
13.858251999999966,9975.06234413727
13.858661999999967,8620.689655172044
13.860099999999967,8611.410118413456
13.860641999999967,9019.165727164886
13.861028999999967,8492.569002121156
13.861528999999967,8574.490889604802
13.861970999999967,8820.286659318674
13.862461999999967,8138.351983725497
13.862877999999967,8048.289738427478
13.863444999999967,8639.308855293813
13.863871999999967,10088.27238335662
13.864370999999966,12738.853503169721
13.864664999999967,8163.265306120758
13.866243999999966,8791.208791215551
13.866701999999966,9937.888198761188
13.867153999999966,10582.010581998446
13.867506999999966,9650.180940898175
13.867909999999966,8800.880088025528
13.868335999999966,8565.310492513587
13.868818999999965,8016.0320641349535
13.871214999999964,8556.14973261913
13.873164999999965,8056.394763348632
13.874827999999964,9291.521486638638
13.875259999999964,9345.794392516442
13.875688999999964,8350.73068892935
13.879537999999965,9237.875288680878
13.881680999999965,8583.690987118947
13.883734999999966,8342.022940563676
13.885268999999965,8781.55872667082
13.885773999999966,10624.169986726001
13.886179999999966,10752.68817205472
13.886526999999965,8316.008316012956
13.886923999999965,8247.422680407426
13.889936999999966,10256.410256424817
13.892450999999964,8196.7213114784
13.893426999999964,8510.638297872876
13.893952999999964,9153.31807780742
13.894366999999963,9720.534629399157
13.894826999999964,10825.4397835003
13.896417999999963,9302.325581401657
13.896925999999963,8196.7213114784
13.897901999999963,11049.723756906888
13.898298999999962,9489.91696322989
13.902721999999962,8658.008658013523
13.903265999999961,10025.062656646223
13.903645999999961,9828.009828008711
13.904063999999961,8998.875140599268
13.904459999999961,8264.462809914778
13.907220999999963,8385.744234799771
13.907701999999963,9090.909090922938
13.908174999999963,11869.43620181058
13.91171799999996,10025.062656623906
13.91214899999996,11204.481792711978
13.912515999999961,9291.521486638638
13.91286299999996,8350.73068892935
13.913376999999961,9592.326139096374
13.913820999999961,9039.548022596351
13.91421099999996,8918.61761426832
13.914705999999962,10457.516339876654
13.915107999999961,10638.297872336068
13.915470999999961,8105.369807495059
13.915859999999961,8501.594048875413
13.916457999999961,10695.187165753592
13.916800999999962,11251.758087188555
13.917205999999963,9546.539379476144
13.917511999999963,8781.55872667082
13.918043999999963,8032.128514050878
13.920786999999963,8762.322015328231
13.921236999999964,9756.097560985667
13.921699999999964,10062.893081759725
13.922056999999963,9815.950920231904
13.922494999999964,9029.34537246561
13.922871999999964,10443.864229782572
13.923380999999964,12738.853503205755
13.923637999999963,10652.463382167336
13.924008999999963,8298.755186724205
13.926195999999962,8968.609865485325
13.926578999999961,8438.81856540723
13.92708799999996,10914.051841741531
13.92752699999996,12441.679626746298
13.92782099999996,11142.061281350885
13.92816999999996,9696.969696981858
13.92853899999996,9512.485136748472
13.92899499999996,10126.58227847729
13.92937999999996,9153.318077788817
13.92978499999996,8376.963350775259
13.93025399999996,9456.264775402393
13.930739999999961,10796.221322516205
13.931099999999962,9009.009008993242
13.931480999999962,9163.80297823234
13.931987999999963,10928.961748644499
13.932353999999963,10899.182561314312
13.932719999999962,10256.41025640146
13.933087999999962,9937.88819873926
13.933499999999963,9019.165727164886
13.935076999999964,9269.988412506704
13.935553999999964,8968.609865467464
13.935939999999965,8056.394763348632
13.936445999999965,9029.34537246561
13.936932999999964,11994.002998501232
13.937331999999964,12519.561815344063
13.937599999999964,10825.4397835003
13.937970999999964,10389.610389620222
13.938338999999964,8888.888888892061
13.938740999999963,8611.41011839699
13.939238999999963,8456.659619443348
13.952827999999961,8830.022075067456
13.95329899999996,8968.609865467464
13.95373399999996,8733.624454147148
13.958415999999959,8869.179600887328
13.959889999999959,8088.978766426054
13.96051799999996,9433.96226415633
13.96087899999996,8781.55872667082
13.961365999999959,9237.875288680878
13.96178999999996,8429.926238142656
13.96273899999996,8171.6036772285415
13.96333799999996,9962.64009963331
13.96371799999996,8620.689655172044
13.96523599999996,8820.286659318674
13.96742299999996,9626.955475333196
13.96785499999996,9779.951100236709
13.968253999999959,8724.100327142662
13.96867299999996,8255.933952532183
13.96917099999996,8547.008547014193
13.96964199999996,8519.70181043038
13.97010699999996,8658.008657996877
13.972439999999962,10269.576379979058
13.972864999999961,10335.917312663763
13.973218999999961,8752.735229760647
13.973638999999961,8869.179600887328
13.974132999999961,10781.671159019674
13.974540999999961,11363.636363624999
13.974874999999962,9101.251422076664
13.976377999999961,8359.456635306222
13.977334999999963,8948.545861309149
13.977907999999962,9535.160905849993
13.978746999999961,9685.230024213153
13.979316999999961,10512.483574235051
13.98189299999996,9345.794392516442
13.983281999999962,8154.943934764983
13.983894999999961,10282.776349609248
13.984262999999961,10899.182561287935
13.984672999999962,9367.681498825152
13.986165999999962,10204.081632660196
13.986559999999962,9523.809523807551
13.986949999999961,8938.547486034837
13.988629999999961,8762.322015345278
13.989019999999961,9070.294784591408
13.98954299999996,9248.554913303058
13.98990199999996,8040.201005028074
13.99040799999996,8611.410118413456
13.99089699999996,9489.91696322989
13.991336999999959,8342.022940563676
13.992295999999959,8968.609865467464
13.992775999999958,10256.41025640146
13.993187999999959,11034.482758632888
13.993555999999959,11034.482758632888
13.993912999999958,9060.022650056962
13.994795999999958,8316.008316012956
13.995346999999958,12558.869701740005
13.995757999999958,11126.564673155055
13.995983999999957,8501.594048875413
13.996476999999958,8978.675645331376
13.996924999999958,11188.811188790009
13.997367999999959,11477.761836431786
13.99763999999996,9650.180940898175
13.99925699999996,11315.417256007551
13.99964299999996,10037.641154323937
13.99996399999996,9101.25142205827
14.00043999999996,9029.34537246561
14.00084299999996,9334.889148192611
14.00132599999996,10989.010989003351
14.00169999999996,11267.605633806525
14.00205399999996,8998.875140599268
14.002942999999961,9174.311926593993
14.003423999999962,9950.248756213075
14.003814999999962,9661.835748789086
14.004227999999962,11095.700416082367
14.004642999999962,11379.800853490307
14.004948999999963,10666.666666666262
14.005345999999962,10709.50468540117
14.005698999999963,10416.666666656249
14.006092999999963,9302.325581382443
14.007467999999964,9101.251422076664
14.007963999999964,10526.315789478534
14.008346999999963,9626.955475333196
14.008723999999964,8088.978766440582
14.009712999999962,8213.552361386684
14.010288999999963,10568.031704093455
14.010686999999963,10243.277848912692
14.011045999999963,9389.671361501521
14.011467999999963,8686.21064060851
14.011897999999963,9142.85714285061
14.012388999999963,9828.009828008711
14.012772999999964,8264.462809914778
14.013202999999963,8105.369807495059
14.013740999999964,9523.809523807551
14.014189999999964,8705.114254627717
14.015108999999963,8032.1285140652035
14.016897999999962,9259.259259259517
14.018472999999963,8376.96335079084
14.020706999999963,8281.573498964612
14.021047999999963,8879.023307446721
14.021672999999963,8592.910848553905
14.022603999999962,8196.7213114784
14.025751999999963,9661.835748789086
14.028594999999964,8333.333333340419
14.032537999999963,10430.247718386845
14.032906999999962,10624.16998670094
14.033304999999963,11477.761836431786
14.033659999999964,9592.326139096374
14.035673999999965,8290.155440407885
14.039483999999966,8810.572687216936
14.039981999999966,10269.576379979058
14.040391999999967,9638.554216881683
14.044141999999967,9501.18764845094
14.044563999999967,9302.325581401657
14.044983999999967,9433.96226415633
14.045423999999967,8648.648648643892
14.054076999999966,8602.150537631454
14.055006999999966,9090.909090904586
14.059427999999967,9523.809523807551
14.060961999999966,8456.659619459228
14.061353999999966,8686.21064060851
14.061907999999965,10666.666666666262
14.062274999999966,12422.360248458339
14.062657999999965,12903.225806459504
14.062918999999965,9626.955475333196
14.064884999999965,8376.963350775259
14.068129999999964,8810.572687234171
14.069692999999964,12269.938650296566
14.070040999999964,9216.589861745471
14.071744999999964,9592.326139096374
14.074196999999964,8676.789587860012
14.074757999999964,9512.485136748472
14.076817999999964,8307.372793349865
14.077258999999964,8008.008008006452
14.077780999999964,8247.422680407426
14.078257999999964,8072.653884957739
14.078750999999965,8602.150537631454
14.079680999999965,8429.926238142656
14.080274999999965,9070.29478457314
14.083764999999964,8429.926238142656
14.089589999999966,9269.988412506704
14.090052999999966,9888.751545113986
14.090452999999966,9142.85714286917
14.097629999999963,8705.114254627717
14.100506999999963,8998.875140599268
14.146578999999965,8179.95910020514
14.164547999999964,10152.28426395925
14.165878999999965,8574.490889604802
14.171299999999965,8376.963350775259
14.173112999999965,8781.55872667082
14.173648999999966,9433.96226415633
14.179958999999965,8213.552361386684
14.202048999999967,8359.45663532174
14.214740999999965,10101.01010100283
14.235537999999966,8492.569002121156
14.235941999999966,8230.452674889828
14.248187999999963,8447.729672650197
14.249134999999963,8290.155440407885
14.263129999999961,9535.160905849993
14.269979999999961,8324.66181061211
14.270404999999961,8307.372793349865
14.270940999999961,8221.993833503673
14.304215999999961,8474.576271181952
14.312481999999962,8048.289738427478
14.321661999999964,8988.76404494324
14.348140999999966,8072.653884972209
14.350139999999966,8686.21064060851
14.352101999999967,9184.84500573983
14.359044999999966,8088.978766426054
14.364658999999966,8762.322015345278
14.365103999999965,8583.690987135307
14.365571999999965,9768.009768010923
14.367101999999965,10309.278350514003
14.367580999999966,9411.76470588462
14.371807999999966,8447.729672650197
14.372284999999966,8958.566629343433
14.378562999999964,9216.589861745471
14.379152999999965,11851.85185186388
14.379430999999965,9685.230024213153
14.379827999999964,10781.671159019674
14.380256999999965,9400.705052869871
14.383921999999965,9501.18764845094
14.393430999999964,9184.84500573983
14.393886999999964,9685.230024213153
14.394301999999964,8762.322015345278
14.445299999999957,8908.685968807937
